    1.780	    0.001	    0.662	   -0.201	   -5.000
    1.779	    0.002	    0.168	   -0.066	   -4.997
    1.771	    0.002	   -0.101	   -0.125	   -4.994
    1.745	    0.003	   -0.110	    0.085	   -4.991
    1.678	    0.002	   -0.354	   -0.179	   -4.988
    1.570	    0.171	   -0.184	   -0.032	   -4.985
    1.447	    0.003	   -0.505	   -0.201	   -4.982
    1.280	    0.148	   -0.566	   -0.293	   -4.979
    1.207	    0.002	   -0.446	   -0.123	   -4.976
    1.109	    0.168	   -0.603	   -0.287	   -4.973
    1.038	    0.157	   -0.307	   -0.156	   -4.970
    0.975	    0.002	   -0.511	   -0.247	   -4.967
    0.913	    0.168	   -0.356	   -0.151	   -4.964
    0.900	    0.002	   -0.421	   -0.190	   -4.961
    0.876	    0.155	   -0.269	   -0.168	   -4.958
    0.860	    0.161	   -0.236	   -0.169	   -4.955
    0.850	    0.146	   -0.507	   -0.307	   -4.952
    0.844	    0.161	   -0.350	   -0.320	   -4.949
    0.841	    0.002	   -0.320	   -0.201	   -4.946
    0.837	    0.002	   -0.562	   -0.423	   -4.943
    0.832	    0.002	   -0.295	   -0.227	   -4.940
    0.830	    0.154	   -0.555	   -0.378	   -4.937
    0.830	    0.153	   -0.364	   -0.363	   -4.934
    0.826	    0.004	   -0.391	   -0.265	   -4.931
    0.830	    0.165	   -0.356	   -0.247	   -4.928
    0.828	    0.002	   -0.292	   -0.352	   -4.925
    0.829	    0.154	   -0.230	   -0.239	   -4.922
    0.830	    0.002	   -0.363	   -0.426	   -4.919
    0.832	    0.164	   -0.360	   -0.255	   -4.916
    0.833	    0.002	   -0.395	   -0.427	   -4.913
    0.834	    0.001	   -0.242	   -0.255	   -4.910
    0.835	    0.002	   -0.534	   -0.449	   -4.907
    0.835	    0.002	   -0.381	   -0.406	   -4.904
    0.836	    0.156	   -0.410	   -0.294	   -4.901
    0.838	    0.166	   -0.545	   -0.482	   -4.898
    0.837	    0.002	   -0.257	   -0.276	   -4.895
    0.841	    0.166	   -0.288	   -0.255	   -4.892
    0.843	    0.001	   -0.312	   -0.419	   -4.889
    0.844	    0.149	   -0.188	   -0.258	   -4.886
    0.846	    0.002	   -0.429	   -0.468	   -4.883
    0.844	    0.170	   -0.197	   -0.243	   -4.880
    0.845	    0.169	   -0.265	   -0.391	   -4.877
    0.846	    0.002	   -0.220	   -0.355	   -4.874
    0.847	    0.002	   -0.468	   -0.446	   -4.871
    0.847	    0.002	   -0.459	   -0.468	   -4.868
    0.845	    0.169	   -0.211	   -0.243	   -4.865
    0.846	    0.150	   -0.409	   -0.393	   -4.862
    0.847	    0.002	   -0.237	   -0.364	   -4.859
    0.848	    0.149	   -0.167	   -0.202	   -4.856
    0.848	    0.001	   -0.320	   -0.399	   -4.853
    0.848	    0.164	   -0.119	   -0.218	   -4.850
    0.851	    0.002	   -0.411	   -0.339	   -4.847
    0.853	    0.172	   -0.301	   -0.366	   -4.844
    0.857	    0.153	   -0.387	   -0.416	   -4.841
    0.855	    0.002	   -0.390	   -0.425	   -4.838
    0.857	    0.002	   -0.478	   -0.380	   -4.835
    0.858	    0.002	   -0.491	   -0.394	   -4.832
    0.859	    0.163	   -0.252	   -0.362	   -4.829
    0.854	    0.003	   -0.197	   -0.193	   -4.826
    0.853	    0.165	   -0.399	   -0.414	   -4.823
    0.848	    0.002	   -0.202	   -0.194	   -4.820
    0.846	    0.002	   -0.338	   -0.285	   -4.817
    0.844	    0.160	   -0.151	   -0.305	   -4.814
    0.842	    0.002	   -0.227	   -0.218	   -4.811
    0.843	    0.170	   -0.312	   -0.399	   -4.808
    0.844	    0.157	   -0.218	   -0.374	   -4.805
    0.848	    0.002	   -0.353	   -0.339	   -4.802
    0.853	    0.002	   -0.127	   -0.170	   -4.799
    0.857	    0.002	   -0.097	   -0.154	   -4.796
    0.858	    0.171	   -0.256	   -0.376	   -4.793
    0.865	    0.002	   -0.247	   -0.225	   -4.790
    0.868	    0.154	   -0.293	   -0.263	   -4.787
    0.872	    0.003	   -0.078	   -0.128	   -4.784
    0.873	    0.003	   -0.059	   -0.113	   -4.781
    0.876	    0.149	   -0.206	   -0.335	   -4.778
    0.875	    0.002	    0.019	   -0.157	   -4.775
    0.875	    0.150	   -0.258	   -0.285	   -4.772
    0.877	    0.166	   -0.161	   -0.319	   -4.769
    0.881	    0.002	   -0.134	   -0.147	   -4.766
    0.881	    0.151	   -0.262	   -0.341	   -4.763
    0.882	    0.002	    0.020	   -0.121	   -4.760
    0.882	    0.167	   -0.242	   -0.277	   -4.757
    0.880	    0.002	   -0.185	   -0.171	   -4.754
    0.880	    0.164	   -0.112	   -0.115	   -4.751
    0.877	    0.002	   -0.060	   -0.087	   -4.748
    0.877	    0.002	    0.085	   -0.061	   -4.745
    0.877	    0.151	   -0.143	   -0.155	   -4.742
    0.878	    0.002	    0.088	   -0.098	   -4.739
    0.875	    0.164	   -0.057	   -0.078	   -4.736
    0.874	    0.157	   -0.083	   -0.241	   -4.733
    0.873	    0.003	    0.095	   -0.032	   -4.730
    0.873	    0.154	   -0.172	   -0.174	   -4.727
    0.875	    0.002	   -0.155	   -0.254	   -4.724
    0.874	    0.158	    0.081	   -0.063	   -4.721
    0.874	    0.161	   -0.107	   -0.110	   -4.718
    0.872	    0.163	    0.111	   -0.008	   -4.715
    0.871	    0.002	    0.033	   -0.008	   -4.712
    0.868	    0.004	    0.091	   -0.097	   -4.709
    0.869	    0.162	    0.009	   -0.004	   -4.706
    0.874	    0.001	    0.122	   -0.050	   -4.703
    0.876	    0.157	    0.153	   -0.011	   -4.700
    0.880	    0.161	    0.056	   -0.132	   -4.697
    0.884	    0.161	    0.011	   -0.154	   -4.694
    0.886	    0.154	    0.056	    0.033	   -4.691
    0.889	    0.003	   -0.091	   -0.181	   -4.688
    0.894	    0.167	    0.114	    0.030	   -4.685
    0.897	    0.146	   -0.079	   -0.028	   -4.682
    0.900	    0.160	   -0.002	   -0.124	   -4.679
    0.899	    0.161	    0.013	    0.037	   -4.676
    0.901	    0.002	   -0.169	   -0.173	   -4.673
    0.900	    0.169	    0.099	    0.040	   -4.670
    0.903	    0.004	    0.113	   -0.042	   -4.667
    0.904	    0.155	    0.099	   -0.071	   -4.664
    0.910	    0.002	    0.047	   -0.109	   -4.661
    0.910	    0.163	   -0.114	   -0.173	   -4.658
    0.912	    0.154	    0.116	    0.060	   -4.655
    0.914	    0.001	   -0.153	   -0.087	   -4.652
    0.912	    0.153	    0.024	   -0.055	   -4.649
    0.911	    0.170	   -0.139	   -0.051	   -4.646
    0.913	    0.154	   -0.179	   -0.174	   -4.643
    0.919	    0.002	    0.009	   -0.106	   -4.640
    0.921	    0.002	   -0.189	   -0.130	   -4.637
    0.924	    0.166	    0.060	   -0.070	   -4.634
    0.926	    0.003	    0.096	   -0.069	   -4.631
    0.927	    0.167	   -0.077	   -0.179	   -4.628
    0.930	    0.001	    0.022	   -0.124	   -4.625
    0.930	    0.171	   -0.145	   -0.116	   -4.622
    0.935	    0.170	    0.000	   -0.120	   -4.619
    0.941	    0.149	   -0.160	   -0.112	   -4.616
    0.943	    0.155	   -0.093	   -0.160	   -4.613
    0.948	    0.153	   -0.112	   -0.044	   -4.610
    0.955	    0.163	   -0.139	   -0.075	   -4.607
    0.958	    0.159	    0.083	   -0.067	   -4.604
    0.962	    0.002	    0.027	    0.038	   -4.601
    0.970	    0.153	   -0.107	   -0.140	   -4.598
    0.979	    0.002	    0.079	   -0.071	   -4.595
    0.983	    0.163	   -0.049	   -0.019	   -4.592
    0.986	    0.003	   -0.090	   -0.136	   -4.589
    0.992	    0.168	   -0.006	    0.049	   -4.586
    0.995	    0.169	   -0.069	   -0.132	   -4.583
    1.001	    0.001	   -0.135	   -0.080	   -4.580
    1.000	    0.158	   -0.100	   -0.028	   -4.577
    1.005	    0.149	    0.042	    0.070	   -4.574
    1.007	    0.149	    0.135	    0.110	   -4.571
    1.009	    0.166	   -0.006	   -0.115	   -4.568
    1.015	    0.002	    0.215	    0.113	   -4.565
    1.017	    0.167	   -0.053	   -0.046	   -4.562
    1.023	    0.154	    0.113	   -0.046	   -4.559
    1.024	    0.154	    0.102	    0.098	   -4.556
    1.030	    0.002	   -0.003	   -0.099	   -4.553
    1.033	    0.164	    0.183	    0.090	   -4.550
    1.035	    0.171	   -0.073	   -0.048	   -4.547
    1.038	    0.002	   -0.107	   -0.076	   -4.544
    1.038	    0.162	    0.100	    0.112	   -4.541
    1.043	    0.002	   -0.017	    0.025	   -4.538
    1.048	    0.149	    0.223	    0.120	   -4.535
    1.052	    0.149	   -0.047	   -0.048	   -4.532
    1.055	    0.163	    0.236	    0.118	   -4.529
    1.057	    0.168	    0.108	    0.113	   -4.526
    1.067	    0.151	    0.190	    0.016	   -4.523
    1.069	    0.156	    0.273	    0.152	   -4.520
    1.075	    0.002	    0.030	    0.060	   -4.517
    1.082	    0.167	    0.187	    0.048	   -4.514
    1.091	    0.159	    0.084	    0.126	   -4.511
    1.098	    0.002	   -0.070	   -0.010	   -4.508
    1.102	    0.166	    0.201	    0.168	   -4.505
    1.107	    0.002	    0.040	    0.107	   -4.502
    1.111	    0.165	    0.174	    0.053	   -4.499
    1.114	    0.002	    0.168	    0.171	   -4.496
    1.122	    0.168	    0.252	    0.178	   -4.493
    1.125	    0.168	    0.264	    0.199	   -4.490
    1.125	    0.154	    0.185	    0.051	   -4.487
    1.129	    0.158	    0.217	    0.087	   -4.484
    1.131	    0.002	    0.112	    0.175	   -4.481
    1.138	    0.165	   -0.008	   -0.028	   -4.478
    1.141	    0.002	    0.197	    0.146	   -4.475
    1.147	    0.002	   -0.105	   -0.008	   -4.472
    1.149	    0.148	    0.026	   -0.013	   -4.469
    1.156	    0.001	    0.017	    0.132	   -4.466
    1.159	    0.165	   -0.054	   -0.061	   -4.463
    1.164	    0.002	    0.160	    0.143	   -4.460
    1.175	    0.002	    0.195	    0.157	   -4.457
    1.179	    0.148	    0.148	    0.043	   -4.454
    1.189	    0.171	    0.065	   -0.021	   -4.451
    1.193	    0.162	   -0.109	   -0.065	   -4.448
    1.198	    0.001	    0.154	    0.154	   -4.445
    1.203	    0.154	   -0.067	   -0.069	   -4.442
    1.206	    0.002	    0.050	   -0.016	   -4.439
    1.213	    0.154	   -0.139	   -0.022	   -4.436
    1.217	    0.165	   -0.151	   -0.094	   -4.433
    1.219	    0.002	    0.129	    0.132	   -4.430
    1.220	    0.156	   -0.120	   -0.027	   -4.427
    1.223	    0.002	    0.112	    0.022	   -4.424
    1.227	    0.003	    0.185	    0.125	   -4.421
    1.231	    0.162	   -0.028	   -0.078	   -4.418
    1.235	    0.170	    0.144	    0.035	   -4.415
    1.243	    0.155	   -0.099	   -0.025	   -4.412
    1.247	    0.002	    0.133	    0.042	   -4.409
    1.255	    0.154	   -0.070	   -0.089	   -4.406
    1.256	    0.164	   -0.061	   -0.089	   -4.403
    1.265	    0.168	   -0.096	    0.013	   -4.400
    1.270	    0.148	   -0.118	   -0.008	   -4.397
    1.280	    0.001	    0.032	   -0.053	   -4.394
    1.284	    0.153	    0.033	    0.093	   -4.391
    1.285	    0.003	   -0.025	   -0.089	   -4.388
    1.290	    0.003	    0.156	    0.035	   -4.385
    1.294	    0.003	   -0.017	    0.052	   -4.382
    1.301	    0.001	    0.122	    0.009	   -4.379
    1.301	    0.164	    0.045	    0.106	   -4.376
    1.303	    0.001	   -0.090	   -0.072	   -4.373
    1.307	    0.158	   -0.096	   -0.089	   -4.370
    1.313	    0.001	   -0.104	    0.017	   -4.367
    1.317	    0.169	   -0.146	   -0.045	   -4.364
    1.321	    0.157	   -0.021	    0.080	   -4.361
    1.330	    0.000	   -0.063	   -0.099	   -4.358
    1.342	    0.161	    0.092	    0.117	   -4.355
    1.348	    0.002	   -0.057	   -0.039	   -4.352
    1.358	    0.001	    0.216	    0.123	   -4.349
    1.360	    0.001	    0.172	    0.158	   -4.346
    1.364	    0.001	    0.031	   -0.068	   -4.343
    1.367	    0.161	    0.180	    0.195	   -4.340
    1.369	    0.001	   -0.084	    0.012	   -4.337
    1.371	    0.152	   -0.127	   -0.019	   -4.334
    1.370	    0.003	    0.077	    0.160	   -4.331
    1.376	    0.160	   -0.111	   -0.046	   -4.328
    1.385	    0.168	    0.193	    0.118	   -4.325
    1.388	    0.001	   -0.081	   -0.031	   -4.322
    1.395	    0.163	    0.104	    0.146	   -4.319
    1.395	    0.003	    0.057	    0.126	   -4.316
    1.404	    0.153	    0.202	    0.179	   -4.313
    1.410	    0.165	    0.261	    0.179	   -4.310
    1.421	    0.002	   -0.040	   -0.004	   -4.307
    1.427	    0.158	    0.157	    0.053	   -4.304
    1.435	    0.001	    0.055	    0.127	   -4.301
    1.440	    0.002	   -0.070	   -0.061	   -4.298
    1.446	    0.002	    0.183	    0.133	   -4.295
    1.456	    0.147	   -0.004	    0.063	   -4.292
    1.460	    0.147	    0.175	    0.061	   -4.289
    1.464	    0.001	    0.037	    0.118	   -4.286
    1.465	    0.168	    0.127	    0.181	   -4.283
    1.467	    0.002	    0.207	    0.199	   -4.280
    1.467	    0.163	    0.220	    0.208	   -4.277
    1.471	    0.147	    0.216	    0.097	   -4.274
    1.474	    0.157	    0.167	    0.201	   -4.271
    1.483	    0.001	    0.108	    0.025	   -4.268
    1.488	    0.002	    0.202	    0.213	   -4.265
    1.494	    0.002	   -0.031	   -0.026	   -4.262
    1.498	    0.002	    0.094	    0.044	   -4.259
    1.504	    0.154	    0.021	    0.143	   -4.256
    1.509	    0.160	   -0.045	   -0.051	   -4.253
    1.512	    0.003	    0.160	    0.129	   -4.250
    1.524	    0.143	    0.134	    0.173	   -4.247
    1.528	    0.001	    0.085	    0.005	   -4.244
    1.533	    0.161	    0.194	    0.144	   -4.241
    1.538	    0.001	   -0.004	   -0.046	   -4.238
    1.542	    0.162	    0.172	    0.169	   -4.235
    1.552	    0.002	    0.049	   -0.016	   -4.232
    1.556	    0.002	    0.064	    0.001	   -4.229
    1.566	    0.002	   -0.081	   -0.074	   -4.226
    1.573	    0.002	   -0.168	   -0.091	   -4.223
    1.580	    0.147	    0.097	    0.136	   -4.220
    1.591	    0.002	   -0.120	    0.019	   -4.217
    1.598	    0.002	    0.081	    0.032	   -4.214
    1.602	    0.150	    0.063	    0.138	   -4.211
    1.606	    0.002	   -0.080	   -0.077	   -4.208
    1.611	    0.161	    0.094	    0.160	   -4.205
    1.620	    0.002	   -0.157	   -0.020	   -4.202
    1.628	    0.156	    0.094	    0.034	   -4.199
    1.637	    0.136	    0.016	   -0.069	   -4.196
    1.642	    0.001	   -0.111	   -0.116	   -4.193
    1.648	    0.002	   -0.169	   -0.125	   -4.190
    1.659	    0.003	   -0.202	   -0.089	   -4.187
    1.672	    0.134	    0.085	   -0.003	   -4.184
    1.686	    0.002	   -0.092	   -0.013	   -4.181
    1.689	    0.002	   -0.070	   -0.127	   -4.178
    1.699	    0.150	    0.153	    0.084	   -4.175
    1.707	    0.002	   -0.120	   -0.087	   -4.172
    1.716	    0.102	    0.047	   -0.063	   -4.169
    1.724	    0.002	   -0.007	    0.058	   -4.166
    1.734	    0.069	   -0.031	   -0.106	   -4.163
    1.750	    0.098	    0.068	   -0.056	   -4.160
    1.755	    0.002	   -0.135	   -0.093	   -4.157
    1.762	   -0.134	   -0.099	   -0.130	   -4.154
    1.764	    0.001	   -0.065	    0.034	   -4.151
    1.775	   -0.001	   -0.144	   -0.136	   -4.148
    1.789	    0.001	   -0.094	    0.012	   -4.145
    1.793	   -0.644	   -0.164	   -0.041	   -4.142
    1.806	    0.001	    0.082	    0.096	   -4.139
    1.813	    0.002	   -0.063	    0.036	   -4.136
    1.824	    0.038	   -0.099	   -0.124	   -4.133
    1.835	    0.001	    0.113	    0.101	   -4.130
    1.840	   -1.269	   -0.205	   -0.081	   -4.127
    1.851	   -0.965	   -0.258	   -0.164	   -4.124
    1.856	    0.081	   -0.139	    0.038	   -4.121
    1.866	   -0.989	   -0.279	   -0.190	   -4.118
    1.875	    0.002	   -0.081	    0.038	   -4.115
    1.886	   -0.583	   -0.294	   -0.139	   -4.112
    1.893	    0.002	   -0.420	   -0.085	   -4.109
    1.900	   -0.052	   -0.320	   -0.036	   -4.106
    1.913	    0.003	   -0.141	    0.012	   -4.103
    1.927	    0.001	   -0.036	   -0.019	   -4.100
    1.939	   -3.116	   -0.461	   -0.200	   -4.097
    1.956	   -0.037	   -0.371	   -0.140	   -4.094
    1.966	   -1.125	   -0.485	   -0.110	   -4.091
    1.984	   -2.545	   -0.607	   -0.309	   -4.088
    1.997	   -4.353	   -0.896	   -0.387	   -4.085
    2.010	   -1.560	   -1.141	   -0.415	   -4.082
    2.020	    0.002	   -0.860	   -0.409	   -4.079
    2.030	   -1.282	   -0.911	   -0.376	   -4.076
    2.042	   -2.281	   -1.028	   -0.439	   -4.073
    2.047	   -1.064	   -0.813	   -0.343	   -4.070
    2.051	    0.003	   -0.742	   -0.341	   -4.067
    2.057	    0.002	   -0.630	   -0.443	   -4.064
    2.065	   -2.130	   -0.825	   -0.417	   -4.061
    2.079	    0.002	   -0.650	   -0.413	   -4.058
    2.088	   -1.052	   -0.619	   -0.346	   -4.055
    2.097	   -0.392	   -0.717	   -0.533	   -4.052
    2.109	   -2.763	   -0.763	   -0.520	   -4.049
    2.118	   -3.512	   -0.901	   -0.410	   -4.046
    2.130	    0.000	   -1.089	   -0.660	   -4.043
    2.136	   -2.307	   -0.968	   -0.457	   -4.040
    2.153	   -0.908	   -1.154	   -0.548	   -4.037
    2.158	   -3.589	   -1.106	   -0.627	   -4.034
    2.171	    0.002	   -1.204	   -0.746	   -4.031
    2.178	    0.002	   -1.176	   -0.815	   -4.028
    2.184	   -2.162	   -0.975	   -0.641	   -4.025
    2.198	    0.001	   -0.931	   -0.682	   -4.022
    2.203	    0.074	   -0.917	   -0.769	   -4.019
    2.213	    0.002	   -0.880	   -0.787	   -4.016
    2.220	    0.125	   -0.887	   -0.819	   -4.013
    2.225	   -0.240	   -0.689	   -0.598	   -4.010
    2.236	    0.002	   -0.907	   -0.783	   -4.007
    2.246	    0.114	   -0.617	   -0.695	   -4.004
    2.252	    0.127	   -0.698	   -0.641	   -4.001
    2.262	    0.142	   -0.722	   -0.771	   -3.998
    2.270	    0.002	   -0.420	   -0.591	   -3.995
    2.285	    0.138	   -0.626	   -0.653	   -3.992
    2.296	    0.097	   -0.371	   -0.612	   -3.989
    2.311	    0.001	   -0.550	   -0.676	   -3.986
    2.314	    0.148	   -0.536	   -0.707	   -3.983
    2.321	    0.002	   -0.334	   -0.611	   -3.980
    2.331	    0.160	   -0.511	   -0.639	   -3.977
    2.340	    0.132	   -0.305	   -0.611	   -3.974
    2.352	    0.160	   -0.457	   -0.638	   -3.971
    2.355	    0.149	   -0.369	   -0.649	   -3.968
    2.364	    0.151	   -0.358	   -0.509	   -3.965
    2.373	    0.147	   -0.384	   -0.570	   -3.962
    2.382	    0.148	   -0.092	   -0.462	   -3.959
    2.392	    0.001	   -0.178	   -0.385	   -3.956
    2.401	    0.155	   -0.213	   -0.541	   -3.953
    2.414	    0.002	   -0.012	   -0.392	   -3.950
    2.425	    0.142	   -0.255	   -0.448	   -3.947
    2.442	    0.002	   -0.093	   -0.446	   -3.944
    2.457	    0.148	   -0.128	   -0.284	   -3.941
    2.467	    0.156	   -0.138	   -0.435	   -3.938
    2.488	    0.149	    0.073	   -0.258	   -3.935
    2.496	    0.148	   -0.194	   -0.391	   -3.932
    2.514	    0.154	   -0.197	   -0.323	   -3.929
    2.523	    0.158	   -0.106	   -0.227	   -3.926
    2.527	    0.002	   -0.187	   -0.395	   -3.923
    2.534	    0.001	    0.080	   -0.157	   -3.920
    2.544	    0.149	   -0.130	   -0.271	   -3.917
    2.565	    0.155	    0.141	   -0.186	   -3.914
    2.576	    0.145	   -0.017	   -0.175	   -3.911
    2.589	    0.002	   -0.065	   -0.323	   -3.908
    2.605	    0.156	    0.139	   -0.086	   -3.905
    2.622	    0.160	   -0.113	   -0.253	   -3.902
    2.636	    0.002	   -0.099	   -0.177	   -3.899
    2.639	    0.166	    0.060	   -0.062	   -3.896
    2.647	    0.002	   -0.088	   -0.169	   -3.893
    2.661	    0.164	    0.118	   -0.019	   -3.890
    2.678	    0.001	   -0.077	   -0.221	   -3.887
    2.700	    0.153	   -0.111	   -0.262	   -3.884
    2.704	    0.163	    0.009	   -0.068	   -3.881
    2.708	    0.167	    0.198	   -0.069	   -3.878
    2.723	    0.160	    0.251	   -0.038	   -3.875
    2.735	    0.001	   -0.053	   -0.174	   -3.872
    2.751	    0.155	    0.097	   -0.150	   -3.869
    2.761	    0.151	    0.045	   -0.023	   -3.866
    2.775	    0.001	   -0.096	   -0.169	   -3.863
    2.786	    0.156	    0.193	    0.008	   -3.860
    2.795	    0.002	   -0.036	   -0.072	   -3.857
    2.811	    0.166	    0.125	   -0.071	   -3.854
    2.827	    0.002	    0.025	   -0.004	   -3.851
    2.854	    0.151	    0.217	    0.049	   -3.848
    2.869	    0.164	    0.247	    0.084	   -3.845
    2.891	    0.145	    0.276	    0.038	   -3.842
    2.905	    0.167	    0.238	   -0.004	   -3.839
    2.917	    0.002	    0.072	    0.056	   -3.836
    2.928	    0.171	   -0.067	   -0.105	   -3.833
    2.935	    0.154	    0.184	    0.121	   -3.830
    2.950	    0.002	   -0.071	   -0.033	   -3.827
    2.961	    0.159	    0.110	   -0.031	   -3.824
    2.978	    0.003	    0.122	    0.110	   -3.821
    2.996	    0.159	   -0.011	   -0.108	   -3.818
    3.006	    0.003	    0.178	    0.121	   -3.815
    3.028	    0.172	    0.229	    0.126	   -3.812
    3.039	    0.164	    0.182	    0.002	   -3.809
    3.059	    0.149	    0.216	    0.038	   -3.806
    3.080	    0.167	    0.028	   -0.082	   -3.803
    3.094	    0.002	    0.216	    0.109	   -3.800
    3.110	    0.168	   -0.054	   -0.088	   -3.797
    3.114	    0.002	    0.065	   -0.040	   -3.794
    3.132	    0.153	   -0.093	   -0.003	   -3.791
    3.148	    0.170	   -0.049	   -0.092	   -3.788
    3.164	    0.002	    0.169	    0.118	   -3.785
    3.178	    0.151	   -0.099	   -0.059	   -3.782
    3.188	    0.001	    0.115	    0.001	   -3.779
    3.198	    0.002	    0.198	    0.124	   -3.776
    3.209	    0.170	   -0.068	   -0.093	   -3.773
    3.218	    0.156	    0.178	    0.055	   -3.770
    3.228	    0.152	   -0.036	    0.024	   -3.767
    3.236	    0.002	    0.146	    0.029	   -3.764
    3.256	    0.160	   -0.034	   -0.088	   -3.761
    3.266	    0.000	   -0.100	   -0.102	   -3.758
    3.275	    0.158	   -0.136	   -0.037	   -3.755
    3.282	    0.163	   -0.115	   -0.008	   -3.752
    3.289	    0.002	    0.122	    0.005	   -3.749
    3.305	    0.153	    0.132	    0.120	   -3.746
    3.316	    0.002	   -0.008	   -0.094	   -3.743
    3.332	    0.000	    0.208	    0.102	   -3.740
    3.331	    0.175	   -0.044	    0.010	   -3.737
    3.336	    0.002	    0.165	    0.039	   -3.734
    3.350	    0.149	    0.084	    0.123	   -3.731
    3.361	    0.001	   -0.004	   -0.067	   -3.728
    3.372	    0.150	   -0.065	   -0.087	   -3.725
    3.383	    0.002	   -0.131	   -0.056	   -3.722
    3.401	    0.148	   -0.113	   -0.007	   -3.719
    3.416	    0.161	    0.020	    0.094	   -3.716
    3.432	    0.001	   -0.024	   -0.096	   -3.713
    3.448	    0.165	    0.102	    0.117	   -3.710
    3.456	    0.001	   -0.081	   -0.042	   -3.707
    3.477	    0.001	    0.197	    0.071	   -3.704
    3.488	    0.168	    0.073	    0.103	   -3.701
    3.501	    0.160	   -0.057	   -0.079	   -3.698
    3.511	    0.169	    0.219	    0.143	   -3.695
    3.522	    0.003	   -0.003	    0.043	   -3.692
    3.543	    0.146	   -0.067	   -0.075	   -3.689
    3.555	    0.002	    0.028	    0.099	   -3.686
    3.574	    0.160	   -0.075	   -0.002	   -3.683
    3.587	    0.163	    0.217	    0.150	   -3.680
    3.598	    0.002	   -0.044	   -0.009	   -3.677
    3.619	    0.157	    0.221	    0.162	   -3.674
    3.625	    0.001	    0.196	    0.168	   -3.671
    3.637	    0.159	    0.281	    0.172	   -3.668
    3.649	    0.167	    0.296	    0.202	   -3.665
    3.667	    0.000	   -0.005	    0.034	   -3.662
    3.688	    0.157	    0.209	    0.090	   -3.659
    3.706	    0.002	    0.118	    0.171	   -3.656
    3.730	    0.002	   -0.054	   -0.037	   -3.653
    3.737	    0.002	    0.202	    0.136	   -3.650
    3.751	    0.166	   -0.043	    0.047	   -3.647
    3.765	    0.158	    0.052	   -0.022	   -3.644
    3.773	    0.003	    0.055	    0.129	   -3.641
    3.793	    0.168	    0.145	    0.171	   -3.638
    3.798	    0.002	    0.240	    0.171	   -3.635
    3.814	    0.167	    0.267	    0.135	   -3.632
    3.824	    0.002	    0.195	    0.054	   -3.629
    3.838	    0.170	    0.099	    0.176	   -3.626
    3.867	    0.001	    0.070	    0.009	   -3.623
    3.874	    0.002	    0.206	    0.193	   -3.620
    3.897	    0.002	   -0.085	   -0.019	   -3.617
    3.912	    0.000	    0.052	    0.009	   -3.614
    3.925	    0.146	    0.005	    0.125	   -3.611
    3.936	    0.150	   -0.072	   -0.060	   -3.608
    3.951	    0.001	    0.164	    0.158	   -3.605
    3.969	    0.161	    0.147	    0.175	   -3.602
    3.975	    0.002	    0.164	    0.061	   -3.599
    3.981	    0.154	    0.222	    0.182	   -3.596
    3.991	    0.001	   -0.014	   -0.039	   -3.593
    3.998	    0.161	    0.185	    0.185	   -3.590
    4.024	    0.000	    0.052	   -0.015	   -3.587
    4.033	    0.001	    0.141	    0.063	   -3.584
    4.055	    0.002	   -0.087	   -0.062	   -3.581
    4.070	    0.002	   -0.146	   -0.077	   -3.578
    4.087	    0.159	    0.131	    0.102	   -3.575
    4.103	    0.154	   -0.132	   -0.023	   -3.572
    4.119	    0.157	    0.011	   -0.043	   -3.569
    4.138	    0.148	    0.117	    0.148	   -3.566
    4.148	    0.002	   -0.036	   -0.073	   -3.563
    4.170	    0.168	    0.180	    0.138	   -3.560
    4.200	    0.001	   -0.099	   -0.022	   -3.557
    4.220	    0.157	    0.096	    0.015	   -3.554
    4.239	    0.164	    0.023	   -0.060	   -3.551
    4.240	    0.002	   -0.101	   -0.083	   -3.548
    4.257	    0.001	   -0.099	   -0.097	   -3.545
    4.269	    0.002	   -0.113	    0.035	   -3.542
    4.288	    0.154	    0.081	    0.007	   -3.539
    4.306	    0.165	    0.024	    0.100	   -3.536
    4.330	    0.001	   -0.049	   -0.072	   -3.533
    4.350	    0.160	    0.090	   -0.010	   -3.530
    4.366	    0.001	   -0.100	   -0.015	   -3.527
    4.384	    0.160	    0.116	    0.010	   -3.524
    4.396	    0.001	    0.162	    0.148	   -3.521
    4.412	    0.150	   -0.017	   -0.075	   -3.518
    4.436	    0.164	    0.011	   -0.071	   -3.515
    4.441	    0.001	   -0.070	    0.020	   -3.512
    4.455	    0.168	   -0.082	   -0.091	   -3.509
    4.462	    0.002	    0.020	    0.111	   -3.506
    4.476	    0.154	   -0.059	   -0.096	   -3.503
    4.496	    0.001	   -0.026	    0.058	   -3.500
    4.504	    0.155	   -0.110	   -0.038	   -3.497
    4.519	    0.000	    0.112	    0.135	   -3.494
    4.529	    0.002	    0.077	    0.124	   -3.491
    4.538	    0.154	   -0.007	   -0.074	   -3.488
    4.548	    0.001	    0.216	    0.130	   -3.485
    4.549	    0.157	   -0.057	   -0.025	   -3.482
    4.554	    0.161	   -0.069	    0.011	   -3.479
    4.563	    0.001	    0.054	    0.124	   -3.476
    4.574	    0.167	    0.001	    0.077	   -3.473
    4.582	    0.001	    0.194	    0.153	   -3.470
    4.579	    0.152	   -0.007	    0.056	   -3.467
    4.589	    0.002	    0.056	    0.117	   -3.464
    4.602	    0.164	    0.072	    0.124	   -3.461
    4.617	    0.002	    0.156	    0.163	   -3.458
    4.623	    0.002	    0.255	    0.168	   -3.455
    4.631	    0.143	   -0.024	    0.021	   -3.452
    4.650	    0.001	    0.172	    0.042	   -3.449
    4.682	    0.151	    0.186	    0.166	   -3.446
    4.721	    0.164	    0.044	   -0.055	   -3.443
    4.732	    0.001	    0.233	    0.163	   -3.440
    4.739	    0.167	   -0.043	    0.006	   -3.437
    4.758	    0.001	    0.170	    0.047	   -3.434
    4.777	    0.150	    0.112	    0.147	   -3.431
    4.800	    0.000	    0.246	    0.157	   -3.428
    4.804	    0.166	    0.265	    0.140	   -3.425
    4.818	    0.001	    0.246	    0.203	   -3.422
    4.838	    0.003	    0.110	    0.009	   -3.419
    4.860	    0.147	    0.090	    0.176	   -3.416
    4.886	    0.001	    0.153	    0.071	   -3.413
    4.889	    0.162	    0.208	    0.157	   -3.410
    4.908	    0.151	   -0.022	   -0.036	   -3.407
    4.922	    0.155	    0.034	   -0.020	   -3.404
    4.932	    0.150	    0.039	    0.133	   -3.401
    4.942	    0.002	   -0.115	   -0.056	   -3.398
    4.953	    0.169	    0.167	    0.148	   -3.395
    4.984	    0.171	    0.011	    0.101	   -3.392
    5.002	    0.164	    0.142	    0.037	   -3.389
    5.027	    0.155	    0.172	    0.177	   -3.386
    5.050	    0.002	   -0.027	   -0.051	   -3.383
    5.073	    0.153	    0.204	    0.168	   -3.380
    5.106	    0.000	    0.198	    0.070	   -3.377
    5.115	    0.147	    0.180	    0.054	   -3.374
    5.135	    0.154	   -0.056	   -0.053	   -3.371
    5.150	    0.001	   -0.066	   -0.064	   -3.368
    5.167	    0.166	    0.177	    0.144	   -3.365
    5.183	    0.002	   -0.090	    0.008	   -3.362
    5.198	    0.170	    0.126	    0.045	   -3.359
    5.212	    0.169	    0.022	    0.112	   -3.356
    5.228	    0.149	   -0.034	   -0.049	   -3.353
    5.241	    0.165	    0.204	    0.124	   -3.350
    5.265	    0.002	   -0.075	    0.007	   -3.347
    5.290	    0.164	    0.036	   -0.026	   -3.344
    5.322	    0.002	    0.144	    0.051	   -3.341
    5.340	    0.164	   -0.031	   -0.081	   -3.338
    5.374	    0.002	   -0.058	   -0.088	   -3.335
    5.406	    0.140	   -0.134	   -0.038	   -3.332
    5.432	    0.145	    0.088	   -0.010	   -3.329
    5.471	    0.164	   -0.088	   -0.017	   -3.326
    5.484	    0.145	   -0.108	   -0.081	   -3.323
    5.507	    0.159	    0.078	    0.127	   -3.320
    5.522	    0.166	   -0.014	    0.054	   -3.317
    5.526	    0.167	    0.160	    0.023	   -3.314
    5.544	    0.002	    0.097	    0.127	   -3.311
    5.566	    0.145	   -0.013	   -0.064	   -3.308
    5.604	    0.143	    0.179	    0.036	   -3.305
    5.621	    0.159	    0.015	    0.060	   -3.302
    5.642	    0.001	    0.023	   -0.054	   -3.299
    5.661	    0.167	    0.184	    0.169	   -3.296
    5.670	    0.157	    0.021	   -0.056	   -3.293
    5.692	    0.001	   -0.035	    0.027	   -3.290
    5.693	    0.164	   -0.065	    0.012	   -3.287
    5.714	    0.148	    0.061	    0.126	   -3.284
    5.729	    0.149	    0.144	    0.166	   -3.281
    5.755	    0.157	    0.036	   -0.048	   -3.278
    5.780	    0.161	    0.280	    0.126	   -3.275
    5.787	    0.161	    0.010	    0.019	   -3.272
    5.798	    0.158	    0.162	    0.031	   -3.269
    5.804	    0.153	    0.213	    0.183	   -3.266
    5.823	    0.000	    0.092	    0.122	   -3.263
    5.832	    0.142	    0.301	    0.189	   -3.260
    5.840	    0.141	    0.016	    0.039	   -3.257
    5.858	    0.002	   -0.029	    0.044	   -3.254
    5.863	    0.164	    0.109	    0.178	   -3.251
    5.873	    0.000	    0.031	    0.114	   -3.248
    5.877	    0.145	    0.269	    0.194	   -3.245
    5.891	    0.000	    0.060	    0.115	   -3.242
    5.924	    0.158	    0.284	    0.165	   -3.239
    5.931	    0.141	    0.155	    0.187	   -3.236
    5.934	    0.142	    0.238	    0.095	   -3.233
    5.932	    0.154	    0.312	    0.189	   -3.230
    5.932	    0.001	    0.251	    0.235	   -3.227
    5.943	    0.132	    0.243	    0.114	   -3.224
    5.963	    0.147	    0.245	    0.248	   -3.221
    5.978	    0.002	    0.056	    0.161	   -3.218
    5.984	    0.150	    0.225	    0.251	   -3.215
    5.997	    0.002	    0.041	    0.172	   -3.212
    6.018	    0.119	    0.178	    0.116	   -3.209
    6.048	    0.001	    0.123	    0.214	   -3.206
    6.079	    0.126	    0.245	    0.194	   -3.203
    6.090	    0.120	    0.266	    0.181	   -3.200
    6.127	    0.143	    0.257	    0.145	   -3.197
    6.161	   -0.670	    0.096	    0.031	   -3.194
    6.182	    0.000	    0.040	    0.202	   -3.191
    6.186	   -0.484	   -0.108	   -0.012	   -3.188
    6.199	    0.079	    0.101	    0.175	   -3.185
    6.219	    0.002	   -0.146	    0.060	   -3.182
    6.238	   -0.175	    0.004	    0.033	   -3.179
    6.256	    0.000	    0.104	    0.121	   -3.176
    6.262	   -1.147	   -0.235	   -0.059	   -3.173
    6.281	    0.001	   -0.008	    0.132	   -3.170
    6.320	   -0.065	    0.036	    0.074	   -3.167
    6.342	   -0.870	   -0.110	   -0.048	   -3.164
    6.378	   -0.285	   -0.047	    0.036	   -3.161
    6.421	   -0.192	   -0.288	   -0.118	   -3.158
    6.480	    0.001	   -0.089	    0.107	   -3.155
    6.561	   -0.436	   -0.351	   -0.125	   -3.152
    6.584	   -1.201	   -0.193	   -0.061	   -3.149
    6.640	   -0.748	   -0.437	   -0.088	   -3.146
    6.676	   -0.319	   -0.448	   -0.204	   -3.143
    6.746	    0.000	   -0.170	    0.008	   -3.140
    6.809	   -0.399	   -0.414	   -0.145	   -3.137
    6.872	    0.001	   -0.187	   -0.117	   -3.134
    6.952	    0.001	   -0.106	   -0.094	   -3.131
    6.991	   -1.330	   -0.363	   -0.242	   -3.128
    7.057	   -1.501	   -0.545	   -0.244	   -3.125
    7.099	   -3.691	   -0.760	   -0.244	   -3.122
    7.136	    0.002	   -0.708	   -0.361	   -3.119
    7.191	   -2.701	   -0.880	   -0.394	   -3.116
    7.214	   -4.315	   -1.026	   -0.477	   -3.113
    7.235	   -1.141	   -1.198	   -0.475	   -3.110
    7.241	   -3.752	   -1.306	   -0.516	   -3.107
    7.245	    0.000	   -1.103	   -0.528	   -3.104
    7.245	   -0.367	   -1.001	   -0.420	   -3.101
    7.253	    0.001	   -1.058	   -0.612	   -3.098
    7.240	    0.001	   -0.681	   -0.439	   -3.095
    7.233	   -3.386	   -0.971	   -0.504	   -3.092
    7.214	    0.002	   -0.902	   -0.559	   -3.089
    7.200	   -0.895	   -0.899	   -0.478	   -3.086
    7.168	    0.002	   -0.927	   -0.687	   -3.083
    7.125	   -0.053	   -0.928	   -0.676	   -3.080
    7.101	    0.003	   -0.880	   -0.608	   -3.077
    7.076	   -3.592	   -0.700	   -0.479	   -3.074
    7.055	   -0.382	   -0.755	   -0.470	   -3.071
    7.025	    0.001	   -0.872	   -0.699	   -3.068
    6.962	   -3.666	   -0.839	   -0.473	   -3.065
    6.938	    0.000	   -1.085	   -0.617	   -3.062
    6.899	    0.000	   -0.774	   -0.626	   -3.059
    6.875	   -3.166	   -0.836	   -0.534	   -3.056
    6.850	    0.001	   -1.068	   -0.777	   -3.053
    6.823	   -0.144	   -0.746	   -0.609	   -3.050
    6.793	    0.001	   -0.948	   -0.722	   -3.047
    6.762	    0.120	   -0.895	   -0.786	   -3.044
    6.750	    0.000	   -0.699	   -0.576	   -3.041
    6.721	    0.132	   -0.771	   -0.679	   -3.038
    6.701	    0.114	   -0.434	   -0.544	   -3.035
    6.681	    0.000	   -0.658	   -0.684	   -3.032
    6.669	    0.088	   -0.429	   -0.468	   -3.029
    6.671	    0.001	   -0.442	   -0.491	   -3.026
    6.658	    0.041	   -0.379	   -0.458	   -3.023
    6.650	    0.157	   -0.208	   -0.467	   -3.020
    6.653	    0.142	   -0.396	   -0.516	   -3.017
    6.663	    0.140	   -0.247	   -0.544	   -3.014
    6.681	    0.003	   -0.281	   -0.412	   -3.011
    6.710	    0.002	   -0.406	   -0.603	   -3.008
    6.725	   -0.000	   -0.125	   -0.376	   -3.005
    6.732	    0.144	   -0.347	   -0.488	   -3.002
    6.739	    0.138	   -0.128	   -0.470	   -2.999
    6.743	    0.001	   -0.093	   -0.327	   -2.996
    6.746	    0.141	   -0.037	   -0.294	   -2.993
    6.753	    0.000	    0.026	   -0.276	   -2.990
    6.759	    0.156	    0.046	   -0.328	   -2.987
    6.753	    0.150	   -0.032	   -0.399	   -2.984
    6.749	    0.001	   -0.070	   -0.244	   -2.981
    6.748	    0.162	   -0.191	   -0.439	   -2.978
    6.749	   -0.001	    0.035	   -0.258	   -2.975
    6.758	    0.002	   -0.143	   -0.260	   -2.972
    6.775	    0.000	   -0.106	   -0.379	   -2.969
    6.791	    0.150	   -0.090	   -0.206	   -2.966
    6.809	    0.150	   -0.170	   -0.398	   -2.963
    6.819	    0.001	    0.054	   -0.186	   -2.960
    6.835	    0.155	    0.031	   -0.150	   -2.957
    6.850	    0.001	   -0.007	   -0.315	   -2.954
    6.870	    0.146	    0.110	   -0.184	   -2.951
    6.891	    0.001	   -0.177	   -0.332	   -2.948
    6.909	    0.002	    0.082	   -0.109	   -2.945
    6.935	    0.155	   -0.064	   -0.296	   -2.942
    6.948	    0.001	    0.034	   -0.218	   -2.939
    6.969	   -0.000	   -0.193	   -0.312	   -2.936
    6.979	    0.002	   -0.192	   -0.316	   -2.933
    7.013	    0.166	    0.067	   -0.086	   -2.930
    7.038	    0.150	   -0.170	   -0.211	   -2.927
    7.072	    0.002	    0.042	   -0.178	   -2.924
    7.125	    0.149	    0.074	   -0.042	   -2.921
    7.151	    0.000	   -0.145	   -0.263	   -2.918
    7.194	    0.146	    0.121	   -0.069	   -2.915
    7.237	    0.000	   -0.152	   -0.184	   -2.912
    7.295	    0.001	    0.066	   -0.128	   -2.909
    7.381	    0.163	   -0.037	   -0.226	   -2.906
    7.420	    0.000	   -0.103	   -0.247	   -2.903
    7.477	    0.002	   -0.195	   -0.236	   -2.900
    7.522	    0.001	   -0.216	   -0.200	   -2.897
    7.574	    0.153	   -0.049	   -0.217	   -2.894
    7.671	    0.002	   -0.091	   -0.099	   -2.891
    7.708	    0.000	   -0.102	   -0.241	   -2.888
    7.804	    0.002	    0.070	   -0.008	   -2.885
    7.872	    0.001	   -0.124	   -0.134	   -2.882
    7.960	    0.163	    0.076	   -0.122	   -2.879
    8.057	    0.001	    0.023	   -0.010	   -2.876
    8.145	    0.150	    0.155	    0.063	   -2.873
    8.203	    0.165	    0.056	   -0.163	   -2.870
    8.227	    0.001	   -0.043	   -0.052	   -2.867
    8.244	    0.167	   -0.078	   -0.166	   -2.864
    8.250	    0.000	    0.005	    0.024	   -2.861
    8.223	    0.150	   -0.075	   -0.166	   -2.858
    8.146	    0.002	   -0.045	   -0.011	   -2.855
    8.110	    0.162	   -0.087	   -0.044	   -2.852
    8.029	    0.002	    0.099	    0.088	   -2.849
    7.960	    0.001	    0.128	    0.090	   -2.846
    7.878	    0.154	   -0.028	   -0.138	   -2.843
    7.788	    0.002	    0.195	    0.088	   -2.840
    7.700	    0.167	   -0.070	   -0.076	   -2.837
    7.575	    0.154	   -0.049	   -0.142	   -2.834
    7.513	    0.000	    0.060	    0.060	   -2.831
    7.423	    0.147	   -0.064	   -0.145	   -2.828
    7.340	    0.000	    0.203	    0.042	   -2.825
    7.273	    0.160	   -0.070	   -0.089	   -2.822
    7.171	   -0.001	    0.044	    0.056	   -2.819
    7.127	    0.142	    0.130	    0.103	   -2.816
    7.062	    0.001	    0.147	    0.116	   -2.813
    7.011	    0.001	    0.251	    0.125	   -2.810
    6.955	    0.164	   -0.042	   -0.043	   -2.807
    6.899	    0.002	    0.147	    0.001	   -2.804
    6.851	    0.155	    0.077	    0.086	   -2.801
    6.790	    0.168	    0.038	   -0.081	   -2.798
    6.753	    0.000	    0.222	    0.128	   -2.795
    6.693	    0.159	   -0.005	    0.034	   -2.792
    6.637	   -0.001	    0.168	    0.025	   -2.789
    6.576	    0.150	    0.060	    0.100	   -2.786
    6.505	    0.157	    0.027	    0.090	   -2.783
    6.476	    0.156	    0.229	    0.168	   -2.780
    6.423	    0.002	    0.163	    0.169	   -2.777
    6.386	    0.001	    0.203	    0.059	   -2.774
    6.343	    0.145	    0.181	    0.174	   -2.771
    6.280	    0.001	    0.204	    0.069	   -2.768
    6.260	    0.148	    0.241	    0.190	   -2.765
    6.215	    0.149	    0.050	   -0.048	   -2.762
    6.197	    0.002	    0.195	    0.077	   -2.759
    6.169	    0.162	    0.099	    0.182	   -2.756
    6.148	    0.001	   -0.012	   -0.016	   -2.753
    6.111	    0.157	    0.192	    0.161	   -2.750
    6.068	    0.155	   -0.014	    0.110	   -2.747
    6.049	    0.154	    0.070	    0.018	   -2.744
    6.021	    0.160	    0.121	    0.187	   -2.741
    6.003	   -0.000	   -0.009	   -0.032	   -2.738
    5.979	    0.169	    0.193	    0.175	   -2.735
    5.945	    0.000	    0.069	   -0.009	   -2.732
    5.930	    0.153	    0.139	    0.047	   -2.729
    5.902	    0.001	    0.056	   -0.021	   -2.726
    5.883	    0.142	   -0.106	   -0.063	   -2.723
    5.856	    0.158	    0.164	    0.163	   -2.720
    5.819	    0.151	   -0.052	    0.004	   -2.717
    5.808	    0.168	    0.154	    0.072	   -2.714
    5.787	    0.160	    0.141	    0.188	   -2.711
    5.772	    0.164	   -0.018	   -0.015	   -2.708
    5.753	    0.154	    0.219	    0.216	   -2.705
    5.726	    0.002	   -0.067	    0.044	   -2.702
    5.704	    0.149	    0.150	    0.096	   -2.699
    5.673	    0.002	    0.195	    0.116	   -2.696
    5.659	    0.146	   -0.014	   -0.037	   -2.693
    5.642	    0.001	    0.023	   -0.024	   -2.690
    5.619	    0.151	   -0.132	   -0.011	   -2.687
    5.602	    0.154	    0.127	    0.060	   -2.684
    5.569	    0.151	   -0.047	    0.027	   -2.681
    5.559	    0.152	   -0.022	   -0.056	   -2.678
    5.536	    0.161	    0.055	    0.143	   -2.675
    5.516	    0.164	   -0.082	    0.028	   -2.672
    5.496	    0.152	    0.062	   -0.013	   -2.669
    5.479	    0.000	    0.042	    0.125	   -2.666
    5.459	    0.159	    0.003	   -0.052	   -2.663
    5.433	    0.158	    0.151	    0.029	   -2.660
    5.415	    0.158	   -0.079	   -0.034	   -2.657
    5.390	    0.001	    0.035	   -0.046	   -2.654
    5.377	    0.158	    0.031	    0.104	   -2.651
    5.358	    0.143	   -0.071	   -0.071	   -2.648
    5.333	   -0.000	   -0.110	   -0.034	   -2.645
    5.317	    0.156	   -0.081	    0.023	   -2.642
    5.295	    0.162	    0.072	    0.131	   -2.639
    5.277	    0.164	    0.113	    0.144	   -2.636
    5.256	    0.161	    0.021	   -0.059	   -2.633
    5.239	    0.002	    0.237	    0.168	   -2.630
    5.222	    0.149	   -0.026	    0.005	   -2.627
    5.201	    0.159	    0.182	    0.080	   -2.624
    5.191	    0.165	    0.178	    0.168	   -2.621
    5.170	    0.000	   -0.027	    0.011	   -2.618
    5.152	    0.154	    0.234	    0.186	   -2.615
    5.137	    0.156	   -0.020	    0.003	   -2.612
    5.118	    0.002	   -0.054	    0.019	   -2.609
    5.113	    0.165	    0.132	    0.166	   -2.606
    5.093	    0.152	    0.123	    0.156	   -2.603
    5.084	    0.146	    0.290	    0.159	   -2.600
    5.069	    0.154	    0.002	    0.004	   -2.597
    5.049	    0.145	    0.274	    0.186	   -2.594
    5.034	    0.159	    0.133	    0.157	   -2.591
    5.010	    0.154	    0.250	    0.092	   -2.588
    4.992	    0.144	    0.307	    0.207	   -2.585
    4.969	    0.000	    0.006	    0.022	   -2.582
    4.946	    0.148	    0.208	    0.088	   -2.579
    4.922	    0.157	    0.091	    0.153	   -2.576
    4.892	    0.002	    0.001	    0.100	   -2.573
    4.884	    0.151	    0.244	    0.188	   -2.570
    4.868	    0.000	    0.080	    0.153	   -2.567
    4.854	    0.163	    0.216	    0.101	   -2.564
    4.843	    0.157	    0.074	    0.146	   -2.561
    4.825	    0.146	    0.262	    0.154	   -2.558
    4.816	    0.168	    0.274	    0.225	   -2.555
    4.808	    0.147	    0.271	    0.118	   -2.552
    4.811	    0.142	    0.269	    0.138	   -2.549
    4.814	    0.001	    0.197	    0.238	   -2.546
    4.828	    0.165	    0.047	    0.022	   -2.543
    4.836	    0.158	    0.218	    0.246	   -2.540
    4.860	    0.000	   -0.048	    0.084	   -2.537
    4.870	    0.155	    0.165	    0.121	   -2.534
    4.879	    0.002	    0.061	    0.189	   -2.531
    4.895	    0.170	    0.018	   -0.013	   -2.528
    4.901	    0.002	    0.211	    0.171	   -2.525
    4.901	   -0.000	    0.236	    0.202	   -2.522
    4.888	    0.160	    0.140	    0.057	   -2.519
    4.873	    0.160	    0.235	    0.154	   -2.516
    4.861	    0.153	    0.045	    0.007	   -2.513
    4.854	    0.002	    0.207	    0.223	   -2.510
    4.857	    0.153	   -0.047	   -0.007	   -2.507
    4.862	    0.146	    0.099	    0.060	   -2.504
    4.881	    0.156	   -0.105	    0.035	   -2.501
    4.903	    0.152	   -0.108	   -0.037	   -2.498
    4.937	    0.002	    0.113	    0.067	   -2.495
    4.973	    0.161	   -0.085	    0.047	   -2.492
    5.002	    0.001	    0.142	    0.077	   -2.489
    5.050	    0.001	    0.212	    0.160	   -2.486
    5.079	    0.155	    0.035	   -0.042	   -2.483
    5.124	    0.002	    0.219	    0.135	   -2.480
    5.169	    0.142	   -0.078	    0.021	   -2.477
    5.220	   -0.001	    0.160	    0.109	   -2.474
    5.301	    0.157	   -0.098	   -0.013	   -2.471
    5.337	   -0.000	   -0.062	    0.110	   -2.468
    5.390	    0.144	   -0.140	   -0.008	   -2.465
    5.420	    0.143	   -0.155	   -0.006	   -2.462
    5.449	    0.001	    0.132	    0.086	   -2.459
    5.470	    0.150	    0.023	    0.127	   -2.456
    5.483	    0.001	   -0.003	   -0.041	   -2.453
    5.481	    0.002	    0.195	    0.155	   -2.450
    5.488	    0.163	   -0.081	   -0.012	   -2.447
    5.482	    0.002	    0.088	    0.016	   -2.444
    5.482	    0.158	    0.019	    0.119	   -2.441
    5.472	    0.001	    0.010	   -0.034	   -2.438
    5.440	    0.153	   -0.114	   -0.027	   -2.435
    5.418	    0.167	   -0.130	   -0.043	   -2.432
    5.367	    0.157	   -0.128	   -0.012	   -2.429
    5.317	    0.147	   -0.022	    0.079	   -2.426
    5.247	    0.000	   -0.078	   -0.089	   -2.423
    5.137	    0.166	    0.123	    0.138	   -2.420
    5.096	    0.001	   -0.048	    0.013	   -2.417
    5.005	    0.001	    0.169	    0.147	   -2.414
    4.945	    0.145	    0.023	    0.078	   -2.411
    4.860	    0.001	    0.009	   -0.071	   -2.408
    4.780	    0.146	    0.208	    0.157	   -2.405
    4.702	    0.002	   -0.046	   -0.023	   -2.402
    4.605	    0.158	   -0.084	   -0.042	   -2.399
    4.564	    0.001	    0.105	    0.143	   -2.396
    4.490	    0.150	   -0.064	   -0.006	   -2.393
    4.422	    0.157	    0.196	    0.165	   -2.390
    4.354	    0.001	   -0.043	   -0.029	   -2.387
    4.256	    0.166	    0.184	    0.167	   -2.384
    4.223	    0.002	    0.103	    0.128	   -2.381
    4.162	    0.162	    0.277	    0.192	   -2.378
    4.125	    0.150	    0.312	    0.180	   -2.375
    4.083	   -0.000	    0.002	    0.009	   -2.372
    4.033	    0.155	    0.158	    0.044	   -2.369
    3.991	    0.002	    0.057	    0.129	   -2.366
    3.943	    0.002	   -0.066	   -0.039	   -2.363
    3.925	   -0.001	    0.206	    0.159	   -2.360
    3.895	    0.159	   -0.058	    0.016	   -2.357
    3.865	    0.156	    0.146	    0.062	   -2.354
    3.836	    0.002	    0.014	    0.092	   -2.351
    3.795	    0.166	    0.151	    0.173	   -2.348
    3.781	    0.002	    0.246	    0.185	   -2.345
    3.742	    0.001	   -0.036	    0.031	   -2.342
    3.725	    0.152	    0.199	    0.093	   -2.339
    3.696	    0.001	    0.027	    0.106	   -2.336
    3.659	    0.001	    0.092	    0.006	   -2.333
    3.647	    0.001	    0.190	    0.184	   -2.330
    3.607	    0.001	   -0.067	   -0.044	   -2.327
    3.584	    0.002	    0.125	    0.043	   -2.324
    3.560	    0.161	    0.105	    0.161	   -2.321
    3.542	    0.112	    0.015	   -0.044	   -2.318
    3.521	    0.000	    0.134	    0.193	   -2.315
    3.495	    0.157	    0.103	    0.178	   -2.312
    3.481	   -0.000	    0.215	    0.121	   -2.309
    3.460	    0.141	    0.248	    0.146	   -2.306
    3.443	    0.125	    0.060	   -0.024	   -2.303
    3.423	    0.138	    0.230	    0.165	   -2.300
    3.391	    0.124	    0.087	   -0.009	   -2.297
    3.381	    0.000	    0.119	    0.034	   -2.294
    3.358	    0.000	   -0.103	   -0.043	   -2.291
    3.339	    0.002	   -0.022	   -0.046	   -2.288
    3.314	    0.129	    0.156	    0.163	   -2.285
    3.286	    0.104	   -0.098	   -0.037	   -2.282
    3.259	    0.002	    0.143	    0.064	   -2.279
    3.231	    0.150	    0.071	    0.145	   -2.276
    3.217	    0.001	   -0.072	   -0.058	   -2.273
    3.197	    0.120	    0.182	    0.159	   -2.270
    3.176	    0.002	   -0.071	    0.033	   -2.267
    3.158	    0.001	    0.123	    0.075	   -2.264
    3.134	   -0.171	    0.049	   -0.025	   -2.261
    3.124	   -0.000	   -0.096	   -0.092	   -2.258
    3.109	    0.000	   -0.153	   -0.101	   -2.255
    3.100	    0.001	   -0.187	   -0.071	   -2.252
    3.090	    0.026	    0.102	    0.034	   -2.249
    3.067	   -0.000	    0.051	    0.107	   -2.246
    3.060	   -0.001	   -0.008	   -0.065	   -2.243
    3.035	    0.001	    0.095	    0.174	   -2.240
    3.021	    0.001	   -0.132	   -0.031	   -2.237
    3.002	   -0.446	    0.087	    0.044	   -2.234
    2.986	    0.001	   -0.053	    0.083	   -2.231
    2.971	   -0.630	   -0.081	   -0.097	   -2.228
    2.944	    0.000	    0.085	    0.072	   -2.225
    2.935	    0.001	   -0.130	    0.009	   -2.222
    2.913	    0.038	   -0.202	   -0.104	   -2.219
    2.897	    0.001	   -0.122	    0.043	   -2.216
    2.880	   -0.047	   -0.091	   -0.104	   -2.213
    2.856	    0.001	   -0.154	   -0.014	   -2.210
    2.848	    0.000	   -0.211	   -0.112	   -2.207
    2.826	    0.002	    0.001	    0.086	   -2.204
    2.818	   -0.000	   -0.018	    0.070	   -2.201
    2.798	   -0.328	   -0.125	   -0.148	   -2.198
    2.779	    0.001	    0.092	    0.093	   -2.195
    2.765	   -0.193	   -0.105	   -0.048	   -2.192
    2.740	   -1.021	   -0.079	   -0.103	   -2.189
    2.731	    0.000	   -0.188	    0.006	   -2.186
    2.708	   -0.228	   -0.269	   -0.070	   -2.183
    2.688	    0.002	   -0.007	    0.090	   -2.180
    2.671	   -1.469	   -0.304	   -0.111	   -2.177
    2.652	   -0.557	   -0.340	   -0.044	   -2.174
    2.645	    0.027	   -0.174	    0.031	   -2.171
    2.634	   -0.001	   -0.100	    0.040	   -2.168
    2.624	    0.000	   -0.009	    0.057	   -2.165
    2.613	   -1.378	   -0.315	   -0.145	   -2.162
    2.595	    0.000	   -0.133	   -0.061	   -2.159
    2.574	   -0.138	   -0.216	   -0.062	   -2.156
    2.553	   -0.125	   -0.190	   -0.207	   -2.153
    2.542	    0.002	   -0.012	   -0.031	   -2.150
    2.531	   -3.947	   -0.472	   -0.223	   -2.147
    2.519	    0.002	   -0.433	   -0.215	   -2.144
    2.506	   -2.469	   -0.562	   -0.154	   -2.141
    2.482	    0.039	   -0.602	   -0.206	   -2.138
    2.473	   -2.553	   -0.439	   -0.156	   -2.135
    2.453	   -3.611	   -0.748	   -0.189	   -2.132
    2.437	   -0.001	   -0.709	   -0.301	   -2.129
    2.419	   -1.843	   -0.858	   -0.293	   -2.126
    2.395	    0.000	   -0.792	   -0.404	   -2.123
    2.387	   -1.158	   -0.668	   -0.257	   -2.120
    2.368	    0.002	   -0.789	   -0.470	   -2.117
    2.358	   -0.000	   -0.593	   -0.380	   -2.114
    2.346	   -0.878	   -0.633	   -0.296	   -2.111
    2.329	    0.001	   -0.792	   -0.517	   -2.108
    2.319	   -0.070	   -0.524	   -0.290	   -2.105
    2.299	    0.060	   -0.606	   -0.365	   -2.102
    2.289	    0.119	   -0.439	   -0.411	   -2.099
    2.280	    0.056	   -0.424	   -0.288	   -2.096
    2.270	   -0.000	   -0.479	   -0.505	   -2.093
    2.259	    0.128	   -0.293	   -0.270	   -2.090
    2.242	    0.002	   -0.250	   -0.369	   -2.087
    2.237	    0.122	   -0.194	   -0.333	   -2.084
    2.221	    0.001	   -0.258	   -0.408	   -2.081
    2.213	    0.000	   -0.354	   -0.461	   -2.078
    2.198	    0.128	   -0.145	   -0.263	   -2.075
    2.180	    0.001	   -0.414	   -0.420	   -2.072
    2.165	    0.149	   -0.231	   -0.382	   -2.069
    2.149	    0.121	   -0.267	   -0.266	   -2.066
    2.138	    0.002	   -0.279	   -0.422	   -2.063
    2.124	    0.135	   -0.104	   -0.214	   -2.060
    2.104	    0.002	   -0.302	   -0.398	   -2.057
    2.090	    0.131	   -0.107	   -0.280	   -2.054
    2.073	   -0.001	   -0.050	   -0.271	   -2.051
    2.063	    0.142	   -0.264	   -0.391	   -2.048
    2.054	    0.001	   -0.125	   -0.331	   -2.045
    2.041	    0.000	   -0.265	   -0.282	   -2.042
    2.028	    0.157	   -0.017	   -0.240	   -2.039
    2.018	    0.143	   -0.237	   -0.292	   -2.036
    2.015	    0.140	   -0.222	   -0.352	   -2.033
    2.008	    0.144	   -0.103	   -0.152	   -2.030
    2.000	    0.159	   -0.195	   -0.237	   -2.027
    1.989	    0.144	    0.063	   -0.190	   -2.024
    1.976	    0.001	    0.044	   -0.084	   -2.021
    1.964	    0.162	   -0.073	   -0.286	   -2.018
    1.949	    0.143	    0.093	   -0.177	   -2.015
    1.936	    0.159	   -0.137	   -0.236	   -2.012
    1.923	   -0.001	   -0.040	   -0.254	   -2.009
    1.906	    0.141	    0.060	   -0.045	   -2.006
    1.898	    0.155	   -0.130	   -0.238	   -2.003
    1.884	    0.001	   -0.151	   -0.180	   -2.000
