    0.013	   -0.204	    0.249	   -1.806	    0.091	   -0.126	    0.104	  -10.000
    0.013	    0.001	    0.305	   -0.915	   -0.289	   -0.198	   -0.027	   -9.980
    0.014	    0.001	    0.367	   -0.409	   -0.510	   -0.338	   -0.151	   -9.960
    0.014	    0.000	    0.413	   -0.139	   -0.553	   -0.425	   -0.257	   -9.940
    0.014	   -0.188	    0.412	    0.003	   -0.533	   -0.456	   -0.332	   -9.920
    0.014	   -0.208	    0.384	    0.081	   -0.442	   -0.432	   -0.367	   -9.900
    0.013	   -0.200	    0.295	    0.136	   -0.284	   -0.375	   -0.367	   -9.880
    0.013	   -0.206	    0.255	    0.156	   -0.184	   -0.319	   -0.346	   -9.860
    0.013	    0.002	    0.244	    0.162	   -0.136	   -0.273	   -0.316	   -9.840
    0.013	    0.000	    0.296	    0.157	   -0.170	   -0.245	   -0.285	   -9.820
    0.013	    0.001	    0.306	    0.155	   -0.155	   -0.215	   -0.253	   -9.800
    0.013	   -0.190	    0.328	    0.153	   -0.233	   -0.219	   -0.234	   -9.780
    0.013	   -0.199	    0.298	    0.137	   -0.268	   -0.222	   -0.224	   -9.760
    0.013	    0.000	    0.182	    0.135	   -0.078	   -0.176	   -0.204	   -9.740
    0.013	    0.000	    0.228	    0.111	   -0.135	   -0.167	   -0.189	   -9.720
    0.013	   -0.199	    0.212	    0.085	   -0.168	   -0.158	   -0.174	   -9.700
    0.013	   -0.207	    0.195	    0.069	   -0.172	   -0.146	   -0.159	   -9.680
    0.014	   -0.207	    0.123	    0.063	   -0.139	   -0.142	   -0.150	   -9.660
    0.014	   -0.188	    0.080	    0.062	   -0.109	   -0.146	   -0.150	   -9.640
    0.015	    0.002	    0.055	    0.056	   -0.080	   -0.151	   -0.153	   -9.620
    0.015	    0.001	    0.068	    0.034	   -0.116	   -0.164	   -0.158	   -9.600
    0.015	    0.002	    0.089	   -0.004	   -0.162	   -0.158	   -0.157	   -9.580
    0.015	    0.002	    0.085	   -0.024	   -0.172	   -0.148	   -0.150	   -9.560
    0.016	    0.002	    0.039	   -0.020	   -0.123	   -0.135	   -0.143	   -9.540
    0.015	   -0.204	    0.007	   -0.005	   -0.082	   -0.133	   -0.141	   -9.520
    0.015	   -0.193	   -0.017	   -0.009	   -0.084	   -0.142	   -0.144	   -9.500
    0.013	   -0.194	    0.032	   -0.043	   -0.196	   -0.169	   -0.152	   -9.480
    0.013	   -0.191	    0.027	   -0.069	   -0.255	   -0.190	   -0.163	   -9.460
    0.014	   -0.198	   -0.006	   -0.080	   -0.247	   -0.199	   -0.174	   -9.440
    0.013	    0.001	   -0.051	   -0.059	   -0.187	   -0.210	   -0.188	   -9.420
    0.014	    0.001	   -0.053	   -0.050	   -0.155	   -0.219	   -0.201	   -9.400
    0.013	    0.001	   -0.011	   -0.050	   -0.188	   -0.227	   -0.212	   -9.380
    0.014	    0.001	    0.036	   -0.064	   -0.236	   -0.231	   -0.217	   -9.360
    0.014	   -0.192	    0.036	   -0.072	   -0.261	   -0.227	   -0.217	   -9.340
    0.014	   -0.201	    0.023	   -0.078	   -0.282	   -0.233	   -0.218	   -9.320
    0.013	   -0.199	   -0.053	   -0.066	   -0.199	   -0.223	   -0.218	   -9.300
    0.014	   -0.197	   -0.075	   -0.058	   -0.160	   -0.224	   -0.220	   -9.280
    0.014	   -0.189	   -0.043	   -0.067	   -0.221	   -0.243	   -0.228	   -9.260
    0.014	    0.002	   -0.011	   -0.092	   -0.280	   -0.252	   -0.233	   -9.240
    0.014	    0.001	   -0.006	   -0.105	   -0.300	   -0.254	   -0.237	   -9.220
    0.014	    0.001	   -0.012	   -0.099	   -0.269	   -0.244	   -0.236	   -9.200
    0.013	   -0.201	    0.004	   -0.078	   -0.280	   -0.256	   -0.239	   -9.180
    0.013	   -0.204	   -0.006	   -0.096	   -0.295	   -0.253	   -0.240	   -9.160
    0.013	    0.001	   -0.041	   -0.092	   -0.246	   -0.242	   -0.237	   -9.140
    0.014	    0.001	   -0.074	   -0.073	   -0.178	   -0.232	   -0.234	   -9.120
    0.013	    0.000	   -0.071	   -0.059	   -0.139	   -0.223	   -0.230	   -9.100
    0.013	    0.001	   -0.034	   -0.058	   -0.170	   -0.224	   -0.227	   -9.080
    0.013	   -0.196	   -0.009	   -0.081	   -0.214	   -0.219	   -0.221	   -9.060
    0.013	   -0.202	   -0.011	   -0.097	   -0.247	   -0.212	   -0.212	   -9.040
    0.000	    0.000	    0.000	    0.000	    0.000	    0.000	    0.000	   -9.020
    0.013	   -0.204	   -0.033	   -0.111	   -0.229	   -0.202	   -0.204	   -9.000
    0.014	   -0.210	   -0.046	   -0.128	   -0.269	   -0.210	   -0.201	   -8.980
    0.013	    0.002	   -0.070	   -0.121	   -0.257	   -0.222	   -0.205	   -8.960
    0.013	    0.000	   -0.109	   -0.105	   -0.208	   -0.228	   -0.213	   -8.940
    0.014	    0.001	   -0.119	   -0.092	   -0.129	   -0.215	   -0.216	   -8.920
    0.013	    0.001	   -0.118	   -0.089	   -0.102	   -0.202	   -0.212	   -8.900
    0.014	   -0.204	   -0.118	   -0.141	   -0.118	   -0.193	   -0.204	   -8.880
    0.013	   -0.202	   -0.136	   -0.122	   -0.110	   -0.191	   -0.201	   -8.860
    0.012	    0.001	   -0.103	   -0.121	   -0.176	   -0.203	   -0.201	   -8.840
    0.012	   -0.201	   -0.138	   -0.148	   -0.180	   -0.203	   -0.201	   -8.820
    0.012	   -0.203	   -0.153	   -0.132	   -0.162	   -0.212	   -0.206	   -8.800
    0.012	   -0.187	   -0.147	   -0.134	   -0.196	   -0.230	   -0.215	   -8.780
    0.012	   -0.190	   -0.096	   -0.158	   -0.283	   -0.253	   -0.227	   -8.760
    0.012	    0.001	   -0.089	   -0.163	   -0.292	   -0.258	   -0.236	   -8.740
    0.013	    0.001	   -0.064	   -0.164	   -0.326	   -0.269	   -0.244	   -8.720
    0.013	    0.001	   -0.070	   -0.148	   -0.287	   -0.265	   -0.248	   -8.700
    0.014	    0.001	   -0.107	   -0.115	   -0.210	   -0.255	   -0.249	   -8.680
    0.014	   -0.196	   -0.113	   -0.096	   -0.162	   -0.247	   -0.249	   -8.660
    0.014	   -0.186	   -0.103	   -0.099	   -0.185	   -0.247	   -0.248	   -8.640
    0.014	   -0.202	   -0.070	   -0.123	   -0.239	   -0.247	   -0.244	   -8.620
    0.013	   -0.208	   -0.067	   -0.143	   -0.311	   -0.258	   -0.244	   -8.600
    0.013	   -0.195	   -0.154	   -0.133	   -0.160	   -0.226	   -0.236	   -8.580
    0.013	   -0.195	   -0.115	   -0.136	   -0.241	   -0.252	   -0.239	   -8.560
    0.013	   -0.188	   -0.093	   -0.158	   -0.307	   -0.271	   -0.248	   -8.540
    0.012	   -0.201	   -0.087	   -0.172	   -0.353	   -0.286	   -0.257	   -8.520
    0.013	    0.001	   -0.085	   -0.168	   -0.346	   -0.293	   -0.265	   -8.500
    0.013	    0.001	   -0.126	   -0.139	   -0.259	   -0.290	   -0.272	   -8.480
    0.013	    0.001	   -0.121	   -0.113	   -0.189	   -0.274	   -0.273	   -8.460
    0.012	    0.000	   -0.105	   -0.097	   -0.163	   -0.259	   -0.267	   -8.440
    0.012	   -0.190	   -0.070	   -0.108	   -0.189	   -0.240	   -0.255	   -8.420
    0.012	   -0.203	   -0.064	   -0.128	   -0.231	   -0.235	   -0.242	   -8.400
    0.013	   -0.197	   -0.063	   -0.144	   -0.299	   -0.244	   -0.237	   -8.380
    0.013	   -0.199	   -0.080	   -0.149	   -0.302	   -0.250	   -0.237	   -8.360
    0.013	    0.002	   -0.118	   -0.126	   -0.252	   -0.257	   -0.242	   -8.340
    0.013	    0.001	   -0.112	   -0.105	   -0.198	   -0.257	   -0.247	   -8.320
    0.013	    0.001	   -0.085	   -0.089	   -0.190	   -0.258	   -0.251	   -8.300
    0.013	    0.000	   -0.037	   -0.101	   -0.218	   -0.250	   -0.249	   -8.280
    0.014	   -0.204	   -0.034	   -0.112	   -0.248	   -0.234	   -0.240	   -8.260
    0.013	   -0.197	   -0.043	   -0.125	   -0.278	   -0.237	   -0.232	   -8.240
    0.014	    0.001	   -0.040	   -0.126	   -0.291	   -0.240	   -0.230	   -8.220
    0.014	    0.001	   -0.053	   -0.121	   -0.281	   -0.243	   -0.230	   -8.200
    0.014	    0.001	   -0.061	   -0.100	   -0.258	   -0.249	   -0.235	   -8.180
    0.013	   -0.207	   -0.092	   -0.086	   -0.193	   -0.242	   -0.237	   -8.160
    0.013	   -0.206	   -0.029	   -0.095	   -0.287	   -0.262	   -0.243	   -8.140
    0.014	    0.002	   -0.033	   -0.080	   -0.233	   -0.248	   -0.243	   -8.120
    0.013	   -0.196	   -0.102	   -0.092	   -0.110	   -0.203	   -0.227	   -8.100
    0.013	   -0.191	   -0.084	   -0.111	   -0.154	   -0.195	   -0.212	   -8.080
    0.012	   -0.203	   -0.063	   -0.135	   -0.259	   -0.215	   -0.208	   -8.060
    0.013	    0.001	   -0.050	   -0.143	   -0.305	   -0.232	   -0.212	   -8.040
    0.012	    0.001	   -0.088	   -0.129	   -0.261	   -0.237	   -0.219	   -8.020
    0.013	    0.001	   -0.105	   -0.099	   -0.189	   -0.236	   -0.225	   -8.000
    0.014	    0.001	   -0.100	   -0.082	   -0.148	   -0.231	   -0.229	   -7.980
    0.013	    0.001	   -0.026	   -0.082	   -0.215	   -0.240	   -0.231	   -7.960
    0.013	   -0.196	   -0.018	   -0.099	   -0.258	   -0.237	   -0.229	   -7.940
    0.013	   -0.195	   -0.027	   -0.109	   -0.280	   -0.236	   -0.226	   -7.920
    0.013	   -0.189	   -0.080	   -0.100	   -0.246	   -0.238	   -0.227	   -7.900
    0.014	   -0.201	   -0.108	   -0.083	   -0.191	   -0.238	   -0.231	   -7.880
    0.014	    0.002	   -0.110	   -0.078	   -0.179	   -0.245	   -0.237	   -7.860
    0.013	    0.001	   -0.039	   -0.085	   -0.243	   -0.257	   -0.243	   -7.840
    0.013	    0.002	   -0.019	   -0.094	   -0.258	   -0.252	   -0.243	   -7.820
    0.015	    0.000	   -0.002	   -0.097	   -0.267	   -0.241	   -0.238	   -7.800
    0.015	   -0.202	   -0.011	   -0.099	   -0.260	   -0.231	   -0.230	   -7.780
    0.014	   -0.204	   -0.079	   -0.087	   -0.210	   -0.222	   -0.225	   -7.760
    0.014	   -0.187	   -0.106	   -0.078	   -0.156	   -0.218	   -0.222	   -7.740
    0.013	    0.001	   -0.111	   -0.079	   -0.138	   -0.217	   -0.221	   -7.720
    0.013	    0.002	   -0.117	   -0.094	   -0.129	   -0.207	   -0.215	   -7.700
    0.013	    0.001	   -0.057	   -0.099	   -0.183	   -0.213	   -0.213	   -7.680
    0.013	    0.001	   -0.068	   -0.114	   -0.150	   -0.194	   -0.204	   -7.660
    0.012	   -0.198	   -0.039	   -0.132	   -0.249	   -0.207	   -0.201	   -7.640
    0.013	   -0.197	   -0.042	   -0.136	   -0.300	   -0.226	   -0.206	   -7.620
    0.014	   -0.186	   -0.093	   -0.128	   -0.250	   -0.228	   -0.211	   -7.600
    0.014	   -0.176	   -0.128	   -0.109	   -0.200	   -0.234	   -0.220	   -7.580
    0.013	    0.001	   -0.132	   -0.101	   -0.163	   -0.238	   -0.228	   -7.560
    0.013	    0.001	   -0.098	   -0.105	   -0.202	   -0.246	   -0.235	   -7.540
    0.014	    0.001	   -0.052	   -0.127	   -0.253	   -0.246	   -0.236	   -7.520
    0.014	    0.001	   -0.035	   -0.132	   -0.278	   -0.243	   -0.234	   -7.500
    0.015	   -0.194	   -0.071	   -0.127	   -0.232	   -0.227	   -0.227	   -7.480
    0.014	   -0.193	   -0.102	   -0.107	   -0.198	   -0.224	   -0.224	   -7.460
    0.014	   -0.193	   -0.123	   -0.095	   -0.151	   -0.221	   -0.223	   -7.440
    0.013	   -0.193	   -0.130	   -0.097	   -0.159	   -0.228	   -0.225	   -7.420
    0.013	    0.001	   -0.064	   -0.119	   -0.244	   -0.241	   -0.229	   -7.400
    0.013	    0.001	   -0.052	   -0.135	   -0.286	   -0.247	   -0.232	   -7.380
    0.013	    0.003	   -0.043	   -0.141	   -0.283	   -0.247	   -0.233	   -7.360
    0.013	    0.000	   -0.031	   -0.119	   -0.291	   -0.253	   -0.237	   -7.340
    0.013	   -0.182	   -0.023	   -0.106	   -0.300	   -0.262	   -0.243	   -7.320
    0.013	   -0.190	   -0.037	   -0.116	   -0.271	   -0.256	   -0.243	   -7.300
    0.013	   -0.191	   -0.055	   -0.127	   -0.251	   -0.238	   -0.237	   -7.280
    0.014	   -0.182	   -0.061	   -0.141	   -0.273	   -0.232	   -0.230	   -7.260
    0.013	    0.001	   -0.063	   -0.138	   -0.255	   -0.227	   -0.225	   -7.240
    0.013	   -0.183	   -0.096	   -0.132	   -0.180	   -0.207	   -0.215	   -7.220
    0.013	    0.001	   -0.096	   -0.137	   -0.189	   -0.209	   -0.211	   -7.200
    0.013	    0.001	   -0.136	   -0.151	   -0.141	   -0.197	   -0.205	   -7.180
    0.013	    0.001	   -0.040	   -0.158	   -0.304	   -0.246	   -0.218	   -7.160
    0.013	   -0.164	   -0.043	   -0.147	   -0.300	   -0.252	   -0.227	   -7.140
    0.013	   -0.153	   -0.050	   -0.144	   -0.296	   -0.251	   -0.232	   -7.120
    0.013	   -0.176	   -0.056	   -0.152	   -0.295	   -0.251	   -0.234	   -7.100
    0.012	    0.002	   -0.052	   -0.147	   -0.298	   -0.251	   -0.235	   -7.080
    0.013	    0.001	   -0.047	   -0.135	   -0.262	   -0.243	   -0.234	   -7.060
    0.012	   -0.166	   -0.044	   -0.138	   -0.278	   -0.241	   -0.232	   -7.040
    0.012	   -0.169	   -0.052	   -0.140	   -0.285	   -0.239	   -0.230	   -7.020
    0.012	    0.001	   -0.047	   -0.140	   -0.295	   -0.243	   -0.230	   -7.000
    0.012	    0.001	   -0.031	   -0.126	   -0.306	   -0.255	   -0.235	   -6.980
    0.012	   -0.202	   -0.039	   -0.111	   -0.262	   -0.248	   -0.237	   -6.960
    0.013	    0.001	   -0.061	   -0.107	   -0.193	   -0.225	   -0.229	   -6.940
    0.013	    0.002	   -0.051	   -0.107	   -0.187	   -0.217	   -0.222	   -6.920
    0.013	   -0.191	   -0.069	   -0.106	   -0.165	   -0.207	   -0.214	   -6.900
    0.013	   -0.175	   -0.076	   -0.113	   -0.185	   -0.206	   -0.209	   -6.880
    0.013	    0.001	   -0.082	   -0.115	   -0.185	   -0.207	   -0.206	   -6.860
    0.013	    0.002	   -0.073	   -0.113	   -0.183	   -0.208	   -0.206	   -6.840
    0.013	   -0.154	   -0.101	   -0.110	   -0.154	   -0.202	   -0.204	   -6.820
    0.013	   -0.156	   -0.099	   -0.122	   -0.212	   -0.221	   -0.209	   -6.800
    0.013	    0.001	   -0.087	   -0.100	   -0.240	   -0.248	   -0.224	   -6.780
    0.012	   -0.143	   -0.079	   -0.085	   -0.243	   -0.265	   -0.240	   -6.760
    0.012	   -0.170	   -0.060	   -0.081	   -0.268	   -0.279	   -0.254	   -6.740
    0.011	    0.001	   -0.057	   -0.075	   -0.252	   -0.276	   -0.260	   -6.720
    0.011	    0.001	   -0.065	   -0.054	   -0.176	   -0.254	   -0.258	   -6.700
    0.012	   -0.152	   -0.063	   -0.057	   -0.180	   -0.241	   -0.251	   -6.680
    0.013	   -0.146	    0.004	   -0.063	   -0.276	   -0.256	   -0.249	   -6.660
    0.013	    0.001	    0.004	   -0.059	   -0.263	   -0.251	   -0.245	   -6.640
    0.014	    0.001	    0.014	   -0.057	   -0.260	   -0.244	   -0.241	   -6.620
    0.013	   -0.147	    0.007	   -0.060	   -0.237	   -0.228	   -0.232	   -6.600
    0.013	   -0.154	   -0.005	   -0.069	   -0.231	   -0.218	   -0.222	   -6.580
    0.013	    0.002	   -0.010	   -0.081	   -0.230	   -0.207	   -0.212	   -6.560
    0.013	    0.001	   -0.007	   -0.086	   -0.228	   -0.199	   -0.203	   -6.540
    0.013	   -0.156	   -0.023	   -0.076	   -0.169	   -0.179	   -0.191	   -6.520
    0.013	    0.001	   -0.094	   -0.078	   -0.077	   -0.152	   -0.176	   -6.500
    0.014	    0.001	   -0.021	   -0.090	   -0.189	   -0.174	   -0.173	   -6.480
    0.013	   -0.164	   -0.018	   -0.096	   -0.231	   -0.188	   -0.176	   -6.460
    0.012	   -0.163	   -0.024	   -0.102	   -0.250	   -0.203	   -0.183	   -6.440
    0.013	    0.001	   -0.018	   -0.108	   -0.277	   -0.217	   -0.191	   -6.420
    0.013	    0.001	   -0.025	   -0.099	   -0.235	   -0.214	   -0.198	   -6.400
    0.013	   -0.150	   -0.018	   -0.107	   -0.276	   -0.223	   -0.203	   -6.380
    0.012	   -0.150	   -0.016	   -0.107	   -0.283	   -0.230	   -0.210	   -6.360
    0.013	    0.002	   -0.043	   -0.112	   -0.249	   -0.230	   -0.215	   -6.340
    0.013	   -0.148	   -0.038	   -0.092	   -0.268	   -0.250	   -0.226	   -6.320
    0.013	   -0.161	   -0.043	   -0.083	   -0.271	   -0.258	   -0.236	   -6.300
    0.013	    0.001	   -0.025	   -0.078	   -0.282	   -0.270	   -0.246	   -6.280
    0.013	   -0.144	   -0.003	   -0.073	   -0.299	   -0.274	   -0.253	   -6.260
    0.014	   -0.141	   -0.005	   -0.075	   -0.272	   -0.260	   -0.251	   -6.240
    0.013	   -0.140	   -0.098	   -0.063	   -0.100	   -0.208	   -0.234	   -6.220
    0.013	    0.000	   -0.030	   -0.085	   -0.236	   -0.228	   -0.228	   -6.200
    0.014	   -0.190	   -0.062	   -0.066	   -0.167	   -0.215	   -0.222	   -6.180
    0.014	    0.001	   -0.044	   -0.104	   -0.237	   -0.219	   -0.218	   -6.160
    0.013	    0.001	   -0.012	   -0.099	   -0.277	   -0.233	   -0.220	   -6.140
    0.013	    0.001	   -0.005	   -0.102	   -0.250	   -0.225	   -0.218	   -6.120
    0.013	    0.001	    0.005	   -0.094	   -0.248	   -0.214	   -0.212	   -6.100
    0.014	   -0.153	   -0.007	   -0.085	   -0.249	   -0.213	   -0.208	   -6.080
    0.013	    0.000	   -0.124	   -0.076	   -0.049	   -0.156	   -0.190	   -6.060
    0.014	    0.002	   -0.055	   -0.109	   -0.191	   -0.176	   -0.182	   -6.040
    0.013	    0.001	   -0.140	   -0.125	   -0.052	   -0.132	   -0.163	   -6.020
    0.014	    0.001	   -0.080	   -0.132	   -0.164	   -0.155	   -0.157	   -6.000
    0.014	   -0.154	   -0.070	   -0.125	   -0.211	   -0.173	   -0.161	   -5.980
    0.013	    0.002	   -0.078	   -0.133	   -0.204	   -0.177	   -0.165	   -5.960
    0.014	    0.001	   -0.070	   -0.143	   -0.199	   -0.168	   -0.164	   -5.940
    0.015	   -0.147	   -0.073	   -0.143	   -0.199	   -0.167	   -0.162	   -5.920
    0.014	    0.001	   -0.096	   -0.134	   -0.141	   -0.154	   -0.157	   -5.900
    0.014	    0.001	   -0.077	   -0.136	   -0.169	   -0.165	   -0.159	   -5.880
    0.013	   -0.187	   -0.096	   -0.135	   -0.165	   -0.171	   -0.163	   -5.860
    0.013	   -0.195	   -0.130	   -0.145	   -0.162	   -0.176	   -0.167	   -5.840
    0.013	    0.001	   -0.126	   -0.157	   -0.173	   -0.182	   -0.173	   -5.820
    0.013	    0.002	   -0.127	   -0.157	   -0.160	   -0.183	   -0.176	   -5.800
    0.013	   -0.187	   -0.128	   -0.160	   -0.171	   -0.187	   -0.180	   -5.780
    0.012	   -0.179	   -0.177	   -0.164	   -0.128	   -0.180	   -0.180	   -5.760
    0.013	    0.001	   -0.164	   -0.164	   -0.166	   -0.199	   -0.188	   -5.740
    0.013	   -0.179	   -0.150	   -0.153	   -0.207	   -0.227	   -0.204	   -5.720
    0.014	   -0.175	   -0.149	   -0.145	   -0.235	   -0.253	   -0.223	   -5.700
    0.014	    0.001	   -0.068	   -0.153	   -0.350	   -0.291	   -0.246	   -5.680
    0.014	    0.001	   -0.048	   -0.132	   -0.334	   -0.298	   -0.263	   -5.660
    0.013	   -0.175	   -0.048	   -0.119	   -0.302	   -0.290	   -0.270	   -5.640
    0.013	    0.002	   -0.053	   -0.112	   -0.255	   -0.269	   -0.266	   -5.620
    0.015	    0.002	   -0.092	   -0.110	   -0.132	   -0.216	   -0.245	   -5.600
    0.015	   -0.158	   -0.114	   -0.119	   -0.098	   -0.182	   -0.220	   -5.580
    0.014	   -0.156	   -0.118	   -0.131	   -0.125	   -0.174	   -0.200	   -5.560
    0.014	    0.002	   -0.133	   -0.135	   -0.127	   -0.173	   -0.189	   -5.540
    0.013	   -0.141	   -0.127	   -0.132	   -0.148	   -0.182	   -0.186	   -5.520
    0.013	   -0.152	   -0.121	   -0.131	   -0.163	   -0.194	   -0.189	   -5.500
    0.013	    0.001	   -0.125	   -0.129	   -0.160	   -0.204	   -0.195	   -5.480
    0.013	    0.001	   -0.101	   -0.116	   -0.211	   -0.230	   -0.209	   -5.460
    0.014	   -0.154	   -0.103	   -0.095	   -0.182	   -0.240	   -0.222	   -5.440
    0.013	   -0.153	   -0.110	   -0.089	   -0.171	   -0.240	   -0.231	   -5.420
    0.013	   -0.144	   -0.096	   -0.097	   -0.185	   -0.242	   -0.235	   -5.400
    0.013	    0.001	   -0.049	   -0.115	   -0.236	   -0.241	   -0.235	   -5.380
    0.014	   -0.141	   -0.115	   -0.109	   -0.135	   -0.209	   -0.224	   -5.360
    0.013	   -0.146	   -0.116	   -0.100	   -0.165	   -0.221	   -0.222	   -5.340
    0.014	   -0.175	   -0.103	   -0.108	   -0.193	   -0.233	   -0.225	   -5.320
    0.014	    0.002	   -0.056	   -0.121	   -0.244	   -0.241	   -0.229	   -5.300
    0.013	    0.001	   -0.038	   -0.122	   -0.276	   -0.248	   -0.233	   -5.280
    0.014	    0.000	   -0.020	   -0.121	   -0.297	   -0.251	   -0.235	   -5.260
    0.013	   -0.182	   -0.022	   -0.117	   -0.295	   -0.251	   -0.236	   -5.240
    0.014	   -0.183	   -0.076	   -0.110	   -0.240	   -0.239	   -0.234	   -5.220
    0.015	    0.001	   -0.039	   -0.103	   -0.299	   -0.262	   -0.241	   -5.200
    0.015	    0.001	   -0.011	   -0.088	   -0.315	   -0.277	   -0.251	   -5.180
    0.014	   -0.187	   -0.011	   -0.081	   -0.297	   -0.278	   -0.258	   -5.160
    0.013	   -0.193	   -0.022	   -0.085	   -0.283	   -0.272	   -0.258	   -5.140
    0.013	    0.000	   -0.024	   -0.090	   -0.276	   -0.262	   -0.256	   -5.120
    0.014	   -0.181	   -0.041	   -0.085	   -0.201	   -0.232	   -0.243	   -5.100
    0.013	   -0.190	   -0.121	   -0.097	   -0.102	   -0.188	   -0.222	   -5.080
    0.013	    0.002	   -0.094	   -0.134	   -0.144	   -0.179	   -0.204	   -5.060
    0.013	    0.001	   -0.038	   -0.154	   -0.266	   -0.204	   -0.198	   -5.040
    0.013	    0.001	   -0.031	   -0.136	   -0.287	   -0.220	   -0.202	   -5.020
    0.013	   -0.190	   -0.032	   -0.127	   -0.291	   -0.232	   -0.209	   -5.000
    0.013	   -0.187	   -0.045	   -0.115	   -0.239	   -0.224	   -0.212	   -4.980
    0.014	    0.001	   -0.105	   -0.110	   -0.141	   -0.197	   -0.206	   -4.960
    0.013	   -0.189	   -0.103	   -0.116	   -0.147	   -0.195	   -0.201	   -4.940
    0.014	   -0.200	   -0.096	   -0.127	   -0.188	   -0.204	   -0.201	   -4.920
    0.014	    0.001	   -0.089	   -0.129	   -0.207	   -0.213	   -0.204	   -4.900
    0.013	    0.001	   -0.115	   -0.127	   -0.183	   -0.217	   -0.209	   -4.880
    0.014	   -0.197	   -0.106	   -0.123	   -0.194	   -0.228	   -0.215	   -4.860
    0.013	   -0.198	   -0.106	   -0.119	   -0.212	   -0.241	   -0.225	   -4.840
    0.014	   -0.000	   -0.066	   -0.139	   -0.311	   -0.271	   -0.239	   -4.820
    0.013	   -0.191	   -0.040	   -0.110	   -0.352	   -0.304	   -0.261	   -4.800
    0.013	   -0.191	   -0.008	   -0.090	   -0.372	   -0.328	   -0.282	   -4.780
    0.013	    0.001	   -0.002	   -0.078	   -0.346	   -0.328	   -0.296	   -4.760
    0.012	    0.002	    0.014	   -0.066	   -0.319	   -0.315	   -0.298	   -4.740
    0.013	   -0.191	    0.011	   -0.061	   -0.297	   -0.294	   -0.292	   -4.720
    0.013	   -0.204	   -0.013	   -0.070	   -0.269	   -0.269	   -0.278	   -4.700
    0.013	    0.002	   -0.047	   -0.075	   -0.193	   -0.232	   -0.257	   -4.680
    0.013	   -0.188	   -0.095	   -0.099	   -0.097	   -0.177	   -0.224	   -4.660
    0.014	   -0.201	   -0.154	   -0.128	   -0.055	   -0.137	   -0.189	   -4.640
    0.013	    0.000	   -0.163	   -0.148	   -0.061	   -0.126	   -0.163	   -4.620
    0.014	    0.001	   -0.126	   -0.144	   -0.124	   -0.145	   -0.155	   -4.600
    0.013	    0.001	    0.031	   -0.138	   -0.375	   -0.235	   -0.180	   -4.580
    0.012	    0.001	    0.201	   -0.088	   -0.529	   -0.334	   -0.233	   -4.560
    0.013	    0.001	    0.187	    0.050	   -0.474	   -0.407	   -0.299	   -4.540
    0.012	   -0.154	    0.159	    0.093	   -0.404	   -0.427	   -0.349	   -4.520
    0.013	   -0.137	    0.102	    0.116	   -0.246	   -0.388	   -0.365	   -4.500
    0.013	   -0.151	    0.092	    0.100	   -0.177	   -0.327	   -0.350	   -4.480
    0.013	    0.001	    0.149	    0.115	   -0.183	   -0.292	   -0.325	   -4.460
    0.011	    0.002	    0.210	    0.149	   -0.252	   -0.299	   -0.311	   -4.440
    0.012	   -0.136	    0.151	    0.162	   -0.212	   -0.295	   -0.304	   -4.420
    0.012	    0.000	    0.051	    0.134	   -0.081	   -0.242	   -0.280	   -4.400
    0.012	    0.000	    0.037	    0.079	   -0.027	   -0.176	   -0.240	   -4.380
    0.013	   -0.155	    0.215	    0.082	   -0.226	   -0.192	   -0.215	   -4.360
    0.013	   -0.159	    0.374	    0.180	   -0.443	   -0.293	   -0.238	   -4.340
    0.013	   -0.179	    0.407	    0.281	   -0.534	   -0.417	   -0.303	   -4.320
    0.013	   -0.179	    0.393	    0.303	   -0.491	   -0.462	   -0.363	   -4.300
    0.013	    0.001	    0.303	    0.272	   -0.328	   -0.413	   -0.381	   -4.280
    0.013	   -0.196	    0.104	    0.213	    0.019	   -0.254	   -0.334	   -4.260
    0.013	   -0.195	    0.015	    0.143	    0.142	   -0.124	   -0.254	   -4.240
    0.013	   -0.190	    0.001	    0.063	    0.101	   -0.050	   -0.174	   -4.220
    0.012	    0.001	   -0.032	   -0.014	    0.042	   -0.013	   -0.108	   -4.200
    0.012	    0.001	   -0.066	   -0.071	   -0.004	    0.003	   -0.062	   -4.180
    0.012	    0.001	   -0.117	   -0.116	    0.009	    0.017	   -0.030	   -4.160
    0.013	   -0.195	   -0.276	   -0.157	    0.120	    0.043	   -0.006	   -4.140
    0.012	   -0.198	   -0.357	   -0.213	    0.197	    0.079	    0.021	   -4.120
    0.013	   -0.201	   -0.399	   -0.266	    0.181	    0.087	    0.041	   -4.100
    0.012	   -0.185	   -0.373	   -0.305	    0.043	    0.042	    0.037	   -4.080
    0.013	    0.000	   -0.329	   -0.334	   -0.095	   -0.026	    0.010	   -4.060
    0.013	    0.001	   -0.298	   -0.349	   -0.200	   -0.092	   -0.031	   -4.040
    0.013	    0.001	   -0.274	   -0.350	   -0.258	   -0.143	   -0.074	   -4.020
    0.013	    0.001	   -0.300	   -0.333	   -0.219	   -0.169	   -0.112	   -4.000
    0.014	   -0.188	   -0.323	   -0.305	   -0.180	   -0.189	   -0.145	   -3.980
    0.013	   -0.201	   -0.332	   -0.291	   -0.168	   -0.205	   -0.171	   -3.960
    0.014	   -0.191	   -0.285	   -0.302	   -0.235	   -0.231	   -0.194	   -3.940
    0.012	   -0.194	   -0.260	   -0.315	   -0.296	   -0.253	   -0.215	   -3.920
    0.013	    0.001	   -0.237	   -0.316	   -0.343	   -0.273	   -0.232	   -3.900
    0.013	    0.001	   -0.207	   -0.304	   -0.359	   -0.290	   -0.250	   -3.880
    0.012	    0.001	   -0.213	   -0.278	   -0.319	   -0.291	   -0.262	   -3.860
    0.013	   -0.204	   -0.238	   -0.245	   -0.266	   -0.290	   -0.271	   -3.840
    0.013	   -0.193	   -0.240	   -0.235	   -0.261	   -0.285	   -0.276	   -3.820
    0.013	   -0.193	   -0.250	   -0.218	   -0.202	   -0.276	   -0.275	   -3.800
    0.012	    0.001	   -0.239	   -0.214	   -0.202	   -0.273	   -0.273	   -3.780
    0.012	    0.001	   -0.150	   -0.221	   -0.295	   -0.286	   -0.274	   -3.760
    0.013	    0.001	   -0.125	   -0.220	   -0.320	   -0.284	   -0.272	   -3.740
    0.013	    0.001	   -0.111	   -0.208	   -0.312	   -0.283	   -0.270	   -3.720
    0.013	   -0.189	   -0.139	   -0.189	   -0.275	   -0.269	   -0.266	   -3.700
    0.013	   -0.200	   -0.179	   -0.167	   -0.210	   -0.260	   -0.262	   -3.680
    0.013	   -0.192	   -0.191	   -0.158	   -0.185	   -0.257	   -0.259	   -3.660
    0.014	   -0.198	   -0.120	   -0.177	   -0.312	   -0.287	   -0.266	   -3.640
    0.014	   -0.208	   -0.121	   -0.193	   -0.336	   -0.288	   -0.269	   -3.620
    0.014	   -0.192	   -0.124	   -0.200	   -0.341	   -0.291	   -0.272	   -3.600
    0.013	    0.001	   -0.113	   -0.193	   -0.346	   -0.297	   -0.276	   -3.580
    0.013	    0.000	   -0.157	   -0.165	   -0.251	   -0.284	   -0.276	   -3.560
    0.013	    0.001	   -0.153	   -0.143	   -0.187	   -0.267	   -0.272	   -3.540
    0.014	   -0.190	   -0.157	   -0.132	   -0.161	   -0.255	   -0.266	   -3.520
    0.013	   -0.200	   -0.140	   -0.139	   -0.189	   -0.249	   -0.258	   -3.500
    0.013	   -0.201	   -0.108	   -0.163	   -0.248	   -0.250	   -0.251	   -3.480
    0.013	   -0.203	   -0.103	   -0.178	   -0.311	   -0.262	   -0.250	   -3.460
    0.013	    0.001	   -0.091	   -0.179	   -0.334	   -0.270	   -0.252	   -3.440
    0.013	    0.001	   -0.100	   -0.163	   -0.294	   -0.273	   -0.255	   -3.420
    0.013	    0.001	   -0.127	   -0.132	   -0.229	   -0.266	   -0.258	   -3.400
    0.013	   -0.194	   -0.136	   -0.113	   -0.168	   -0.253	   -0.256	   -3.380
    0.013	   -0.190	   -0.115	   -0.116	   -0.205	   -0.256	   -0.255	   -3.360
    0.013	    0.001	   -0.071	   -0.150	   -0.288	   -0.257	   -0.252	   -3.340
    0.014	    0.001	   -0.113	   -0.121	   -0.211	   -0.246	   -0.247	   -3.320
    0.013	   -0.190	   -0.124	   -0.104	   -0.156	   -0.234	   -0.242	   -3.300
    0.014	   -0.198	   -0.139	   -0.104	   -0.149	   -0.231	   -0.238	   -3.280
    0.014	   -0.197	   -0.142	   -0.113	   -0.174	   -0.244	   -0.240	   -3.260
    0.014	    0.002	   -0.089	   -0.132	   -0.234	   -0.250	   -0.242	   -3.240
    0.014	    0.001	   -0.060	   -0.141	   -0.278	   -0.253	   -0.242	   -3.220
    0.013	    0.001	   -0.042	   -0.141	   -0.295	   -0.253	   -0.242	   -3.200
    0.013	   -0.200	   -0.044	   -0.134	   -0.294	   -0.252	   -0.241	   -3.180
    0.013	   -0.190	   -0.094	   -0.127	   -0.245	   -0.243	   -0.238	   -3.160
    0.013	   -0.207	   -0.128	   -0.113	   -0.206	   -0.242	   -0.238	   -3.140
    0.013	    0.002	   -0.127	   -0.105	   -0.186	   -0.246	   -0.241	   -3.120
    0.013	    0.000	   -0.128	   -0.101	   -0.168	   -0.244	   -0.243	   -3.100
    0.013	    0.001	   -0.098	   -0.099	   -0.179	   -0.243	   -0.243	   -3.080
    0.013	    0.001	   -0.047	   -0.112	   -0.210	   -0.233	   -0.236	   -3.060
    0.014	   -0.204	   -0.047	   -0.120	   -0.238	   -0.226	   -0.229	   -3.040
    0.013	   -0.194	   -0.049	   -0.133	   -0.287	   -0.233	   -0.224	   -3.020
    0.014	   -0.202	   -0.061	   -0.136	   -0.296	   -0.239	   -0.224	   -3.000
    0.014	    0.000	   -0.046	   -0.130	   -0.329	   -0.268	   -0.236	   -2.980
    0.014	    0.001	   -0.035	   -0.126	   -0.306	   -0.267	   -0.244	   -2.960
    0.013	    0.001	   -0.062	   -0.107	   -0.247	   -0.255	   -0.246	   -2.940
    0.014	   -0.185	   -0.093	   -0.088	   -0.184	   -0.241	   -0.243	   -2.920
    0.014	   -0.190	   -0.116	   -0.082	   -0.143	   -0.226	   -0.237	   -2.900
    0.014	   -0.197	   -0.127	   -0.089	   -0.143	   -0.221	   -0.231	   -2.880
    0.014	    0.001	   -0.110	   -0.098	   -0.162	   -0.219	   -0.226	   -2.860
    0.013	    0.002	   -0.053	   -0.114	   -0.211	   -0.225	   -0.223	   -2.840
    0.013	    0.001	   -0.039	   -0.116	   -0.235	   -0.222	   -0.219	   -2.820
    0.013	   -0.195	   -0.035	   -0.123	   -0.274	   -0.227	   -0.218	   -2.800
    0.013	   -0.170	   -0.040	   -0.125	   -0.287	   -0.233	   -0.219	   -2.780
    0.013	   -0.186	   -0.067	   -0.121	   -0.276	   -0.240	   -0.224	   -2.760
    0.013	    0.001	   -0.089	   -0.105	   -0.253	   -0.251	   -0.232	   -2.740
    0.013	    0.002	   -0.097	   -0.088	   -0.188	   -0.243	   -0.237	   -2.720
    0.012	    0.001	   -0.092	   -0.079	   -0.158	   -0.235	   -0.236	   -2.700
    0.013	   -0.168	   -0.100	   -0.072	   -0.128	   -0.221	   -0.232	   -2.680
    0.013	   -0.177	   -0.113	   -0.079	   -0.131	   -0.213	   -0.224	   -2.660
    0.013	   -0.172	   -0.092	   -0.095	   -0.173	   -0.216	   -0.221	   -2.640
    0.012	    0.001	   -0.060	   -0.113	   -0.216	   -0.219	   -0.217	   -2.620
    0.013	    0.001	   -0.037	   -0.123	   -0.272	   -0.231	   -0.219	   -2.600
    0.014	    0.001	   -0.027	   -0.119	   -0.283	   -0.235	   -0.220	   -2.580
    0.014	   -0.197	   -0.070	   -0.099	   -0.241	   -0.237	   -0.225	   -2.560
    0.013	   -0.194	   -0.098	   -0.075	   -0.159	   -0.225	   -0.226	   -2.540
    0.013	   -0.187	   -0.111	   -0.077	   -0.145	   -0.222	   -0.225	   -2.520
    0.013	   -0.202	   -0.076	   -0.092	   -0.212	   -0.235	   -0.228	   -2.500
    0.013	   -0.193	   -0.061	   -0.118	   -0.269	   -0.244	   -0.231	   -2.480
    0.013	    0.001	   -0.049	   -0.133	   -0.306	   -0.253	   -0.235	   -2.460
    0.013	    0.001	   -0.067	   -0.120	   -0.269	   -0.252	   -0.238	   -2.440
    0.013	   -0.185	   -0.068	   -0.094	   -0.221	   -0.251	   -0.242	   -2.420
    0.014	   -0.188	   -0.056	   -0.116	   -0.249	   -0.242	   -0.239	   -2.400
    0.012	    0.001	   -0.049	   -0.128	   -0.277	   -0.240	   -0.234	   -2.380
    0.013	    0.001	   -0.035	   -0.128	   -0.286	   -0.240	   -0.231	   -2.360
    0.013	   -0.179	   -0.041	   -0.121	   -0.282	   -0.242	   -0.231	   -2.340
    0.013	   -0.187	   -0.079	   -0.105	   -0.239	   -0.240	   -0.231	   -2.320
    0.013	   -0.185	   -0.107	   -0.095	   -0.204	   -0.241	   -0.233	   -2.300
    0.013	    0.001	   -0.108	   -0.089	   -0.176	   -0.240	   -0.236	   -2.280
    0.000	    0.000	    0.000	    0.000	    0.000	    0.000	    0.000	   -2.260
    0.000	    0.000	    0.000	    0.000	    0.000	    0.000	    0.000	   -2.240
    0.014	    0.001	   -0.028	   -0.115	   -0.312	   -0.273	   -0.247	   -2.220
    0.014	    0.001	   -0.020	   -0.113	   -0.283	   -0.261	   -0.248	   -2.200
    0.013	   -0.179	   -0.033	   -0.109	   -0.259	   -0.244	   -0.242	   -2.180
    0.013	   -0.172	   -0.056	   -0.100	   -0.258	   -0.245	   -0.239	   -2.160
    0.014	    0.001	   -0.085	   -0.090	   -0.220	   -0.241	   -0.238	   -2.140
    0.014	    0.002	   -0.097	   -0.083	   -0.172	   -0.231	   -0.235	   -2.120
    0.014	    0.002	   -0.099	   -0.070	   -0.114	   -0.214	   -0.228	   -2.100
    0.013	    0.002	   -0.091	   -0.070	   -0.104	   -0.199	   -0.218	   -2.080
    0.013	   -0.172	   -0.031	   -0.090	   -0.199	   -0.205	   -0.210	   -2.060
    0.013	   -0.177	   -0.025	   -0.105	   -0.242	   -0.205	   -0.203	   -2.040
    0.013	   -0.173	   -0.034	   -0.113	   -0.262	   -0.214	   -0.203	   -2.020
    0.013	    0.001	   -0.040	   -0.108	   -0.265	   -0.223	   -0.207	   -2.000
    0.013	    0.001	   -0.083	   -0.093	   -0.224	   -0.230	   -0.215	   -1.980
    0.012	    0.000	   -0.084	   -0.078	   -0.179	   -0.227	   -0.219	   -1.960
    0.012	   -0.182	   -0.097	   -0.068	   -0.135	   -0.222	   -0.222	   -1.940
    0.012	   -0.192	   -0.096	   -0.076	   -0.157	   -0.225	   -0.223	   -1.920
    0.012	    0.001	   -0.085	   -0.086	   -0.196	   -0.231	   -0.226	   -1.900
    0.013	    0.001	   -0.054	   -0.085	   -0.221	   -0.235	   -0.227	   -1.880
    0.012	   -0.168	   -0.023	   -0.084	   -0.261	   -0.241	   -0.229	   -1.860
    0.013	    0.001	   -0.013	   -0.081	   -0.273	   -0.246	   -0.232	   -1.840
    0.013	   -0.188	   -0.034	   -0.077	   -0.188	   -0.219	   -0.225	   -1.820
    0.013	    0.002	   -0.103	   -0.082	   -0.072	   -0.173	   -0.205	   -1.800
    0.013	    0.002	   -0.094	   -0.088	   -0.123	   -0.177	   -0.194	   -1.780
    0.013	    0.001	   -0.026	   -0.102	   -0.245	   -0.214	   -0.199	   -1.760
    0.013	   -0.194	   -0.006	   -0.092	   -0.279	   -0.235	   -0.210	   -1.740
    0.013	   -0.189	   -0.031	   -0.099	   -0.245	   -0.226	   -0.213	   -1.720
    0.013	    0.001	   -0.039	   -0.103	   -0.217	   -0.212	   -0.210	   -1.700
    0.013	   -0.193	   -0.117	   -0.098	   -0.103	   -0.183	   -0.199	   -1.680
    0.013	    0.001	   -0.096	   -0.114	   -0.198	   -0.202	   -0.199	   -1.660
    0.012	    0.001	   -0.071	   -0.100	   -0.227	   -0.223	   -0.207	   -1.640
    0.013	   -0.179	   -0.065	   -0.089	   -0.236	   -0.238	   -0.218	   -1.620
    0.013	    0.001	   -0.037	   -0.083	   -0.258	   -0.252	   -0.229	   -1.600
    0.014	    0.001	   -0.012	   -0.080	   -0.293	   -0.264	   -0.239	   -1.580
    0.014	   -0.186	   -0.008	   -0.078	   -0.286	   -0.262	   -0.244	   -1.560
    0.013	   -0.182	   -0.027	   -0.092	   -0.256	   -0.243	   -0.239	   -1.540
    0.013	    0.002	   -0.074	   -0.091	   -0.144	   -0.203	   -0.223	   -1.520
    0.013	   -0.177	   -0.112	   -0.100	   -0.097	   -0.176	   -0.205	   -1.500
    0.013	    0.002	   -0.124	   -0.110	   -0.097	   -0.167	   -0.190	   -1.480
    0.013	    0.002	   -0.116	   -0.106	   -0.145	   -0.186	   -0.188	   -1.460
    0.013	   -0.174	   -0.104	   -0.104	   -0.198	   -0.214	   -0.198	   -1.440
    0.013	    0.001	   -0.079	   -0.103	   -0.254	   -0.244	   -0.215	   -1.420
    0.013	    0.001	   -0.053	   -0.097	   -0.279	   -0.263	   -0.232	   -1.400
    0.013	   -0.186	   -0.020	   -0.090	   -0.307	   -0.280	   -0.247	   -1.380
    0.000	    0.000	    0.000	    0.000	    0.000	    0.000	    0.000	   -1.360
    0.000	    0.000	    0.000	    0.000	    0.000	    0.000	    0.000	   -1.340
    0.012	   -0.168	   -0.048	   -0.109	   -0.215	   -0.248	   -0.246	   -1.320
    0.013	   -0.178	   -0.107	   -0.111	   -0.146	   -0.211	   -0.231	   -1.300
    0.012	    0.001	   -0.098	   -0.122	   -0.158	   -0.201	   -0.218	   -1.280
    0.013	    0.001	   -0.122	   -0.122	   -0.124	   -0.187	   -0.205	   -1.260
    0.013	   -0.189	   -0.122	   -0.119	   -0.141	   -0.193	   -0.200	   -1.240
    0.013	    0.001	   -0.111	   -0.113	   -0.175	   -0.211	   -0.204	   -1.220
    0.013	    0.001	   -0.097	   -0.119	   -0.173	   -0.226	   -0.213	   -1.200
    0.013	   -0.196	   -0.098	   -0.124	   -0.165	   -0.229	   -0.221	   -1.180
    0.012	    0.002	   -0.085	   -0.130	   -0.204	   -0.244	   -0.229	   -1.160
    0.013	   -0.193	   -0.081	   -0.105	   -0.218	   -0.251	   -0.237	   -1.140
    0.013	    0.002	   -0.060	   -0.096	   -0.246	   -0.260	   -0.244	   -1.120
    0.000	    0.000	    0.000	    0.000	    0.000	    0.000	    0.000	   -1.100
    0.013	    0.002	   -0.093	   -0.086	   -0.140	   -0.235	   -0.242	   -1.080
    0.012	    0.001	   -0.089	   -0.100	   -0.111	   -0.210	   -0.231	   -1.060
    0.013	   -0.176	   -0.049	   -0.121	   -0.169	   -0.214	   -0.223	   -1.040
    0.013	    0.001	   -0.092	   -0.122	   -0.119	   -0.191	   -0.211	   -1.020
    0.013	    0.001	   -0.085	   -0.091	   -0.129	   -0.199	   -0.206	   -1.000
    0.013	   -0.187	   -0.079	   -0.083	   -0.164	   -0.209	   -0.207	   -0.980
    0.014	   -0.177	   -0.079	   -0.085	   -0.209	   -0.227	   -0.214	   -0.960
    0.013	    0.001	   -0.054	   -0.085	   -0.243	   -0.245	   -0.224	   -0.940
    0.014	   -0.182	   -0.008	   -0.082	   -0.302	   -0.265	   -0.236	   -0.920
    0.014	   -0.174	   -0.022	   -0.092	   -0.282	   -0.257	   -0.241	   -0.900
    0.013	    0.001	   -0.051	   -0.086	   -0.179	   -0.223	   -0.233	   -0.880
    0.000	    0.000	    0.000	    0.000	    0.000	    0.000	    0.000	   -0.860
    0.000	    0.000	    0.000	    0.000	    0.000	    0.000	    0.000	   -0.840
    0.000	    0.000	    0.000	    0.000	    0.000	    0.000	    0.000	   -0.820
    0.013	   -0.195	   -0.096	   -0.125	   -0.146	   -0.201	   -0.220	   -0.800
    0.012	   -0.194	   -0.078	   -0.130	   -0.243	   -0.226	   -0.220	   -0.780
    0.012	    0.001	   -0.016	   -0.100	   -0.299	   -0.262	   -0.233	   -0.760
    0.013	   -0.174	   -0.043	   -0.080	   -0.235	   -0.255	   -0.240	   -0.740
    0.013	    0.001	   -0.083	   -0.071	   -0.146	   -0.230	   -0.236	   -0.720
    0.013	    0.001	    0.003	   -0.092	   -0.317	   -0.267	   -0.244	   -0.700
    0.013	   -0.190	    0.026	   -0.072	   -0.345	   -0.286	   -0.256	   -0.680
    0.015	    0.002	    0.031	   -0.061	   -0.328	   -0.289	   -0.264	   -0.660
    0.015	    0.001	    0.031	   -0.051	   -0.254	   -0.266	   -0.261	   -0.640
    0.014	   -0.190	    0.005	   -0.050	   -0.188	   -0.230	   -0.247	   -0.620
    0.013	    0.001	   -0.037	   -0.056	   -0.137	   -0.201	   -0.227	   -0.600
    0.013	    0.001	   -0.060	   -0.064	   -0.109	   -0.179	   -0.208	   -0.580
    0.000	    0.000	    0.000	    0.000	    0.000	    0.000	    0.000	   -0.560
    0.000	    0.000	    0.000	    0.000	    0.000	    0.000	    0.000	   -0.540
    0.013	   -0.190	   -0.014	   -0.075	   -0.183	   -0.202	   -0.205	   -0.520
    0.014	    0.001	   -0.013	   -0.052	   -0.202	   -0.220	   -0.211	   -0.500
    0.013	    0.001	    0.012	   -0.021	   -0.229	   -0.255	   -0.227	   -0.480
    0.013	   -0.197	    0.023	   -0.004	   -0.261	   -0.282	   -0.248	   -0.460
    0.013	    0.001	    0.026	    0.007	   -0.264	   -0.294	   -0.266	   -0.440
    0.013	    0.001	    0.026	    0.008	   -0.231	   -0.281	   -0.270	   -0.420
    0.013	   -0.185	    0.185	    0.015	   -0.352	   -0.301	   -0.276	   -0.400
    0.012	    0.001	    0.190	    0.077	   -0.322	   -0.308	   -0.284	   -0.380
    0.012	    0.001	    0.178	    0.111	   -0.283	   -0.316	   -0.294	   -0.360
    0.013	   -0.193	    0.248	    0.146	   -0.320	   -0.335	   -0.307	   -0.340
    0.013	    0.002	    0.639	    0.273	   -0.695	   -0.476	   -0.362	   -0.320
    0.013	    0.001	    0.887	    0.492	   -0.968	   -0.689	   -0.478	   -0.300
    0.013	   -0.193	    0.914	    0.663	   -0.863	   -0.785	   -0.592	   -0.280
    0.014	   -0.212	    0.811	    0.722	   -0.637	   -0.750	   -0.651	   -0.260
    0.013	    0.002	    0.664	    0.674	   -0.334	   -0.595	   -0.626	   -0.240
    0.013	   -0.201	    0.477	    0.557	    0.069	   -0.322	   -0.505	   -0.220
    0.013	    0.001	    0.324	    0.440	    0.324	   -0.062	   -0.329	   -0.200
    0.013	    0.001	   -0.083	    0.255	    0.693	    0.213	   -0.122	   -0.180
    0.013	   -0.197	   -0.293	    0.035	    0.817	    0.427	    0.088	   -0.160
    0.013	   -0.192	   -0.327	   -0.133	    0.531	    0.456	    0.230	   -0.140
    0.013	    0.001	   -0.028	   -0.171	    0.058	    0.293	    0.258	   -0.120
    0.013	   -0.190	   -0.107	   -0.118	   -0.124	    0.104	    0.195	   -0.100
    0.013	   -0.203	   -0.366	   -0.176	    0.027	    0.025	    0.116	   -0.080
    0.013	    0.001	   -0.361	   -0.242	    0.083	    0.012	    0.063	   -0.060
    0.014	    0.001	   -0.356	   -0.276	    0.052	   -0.003	    0.027	   -0.040
    0.013	   -0.191	   -0.357	   -0.301	   -0.026	   -0.042	   -0.005	   -0.020
    0.013	    0.000	   -0.329	   -0.304	   -0.107	   -0.089	   -0.042	    0.000
    0.000	    0.000	    0.000	    0.000	    0.000	    0.000	    0.000	    0.020
    0.000	    0.000	    0.000	    0.000	    0.000	    0.000	    0.000	    0.040
    0.014	    0.001	   -0.235	   -0.300	   -0.200	   -0.151	   -0.087	    0.060
    0.014	   -0.195	   -0.211	   -0.262	   -0.252	   -0.205	   -0.135	    0.080
    0.014	   -0.191	   -0.194	   -0.224	   -0.313	   -0.275	   -0.190	    0.100
    0.013	    0.001	   -0.077	   -0.207	   -0.507	   -0.370	   -0.256	    0.120
    0.013	   -0.188	   -0.048	   -0.155	   -0.471	   -0.406	   -0.312	    0.140
    0.012	    0.002	   -0.191	   -0.193	   -0.316	   -0.365	   -0.331	    0.160
    0.013	    0.002	   -0.346	   -0.226	    0.053	   -0.215	   -0.289	    0.180
    0.013	   -0.199	   -0.405	   -0.288	    0.147	   -0.096	   -0.217	    0.200
    0.013	    0.001	   -0.389	   -0.323	    0.069	   -0.051	   -0.151	    0.220
    0.013	   -0.193	   -0.304	   -0.345	   -0.157	   -0.098	   -0.126	    0.240
    0.013	    0.001	   -0.273	   -0.325	   -0.216	   -0.147	   -0.131	    0.260
    0.013	    0.001	   -0.261	   -0.312	   -0.208	   -0.172	   -0.146	    0.280
    0.013	   -0.197	   -0.306	   -0.299	   -0.160	   -0.180	   -0.161	    0.300
    0.014	    0.000	   -0.300	   -0.293	   -0.171	   -0.200	   -0.176	    0.320
    0.013	    0.001	   -0.269	   -0.276	   -0.226	   -0.237	   -0.201	    0.340
    0.013	   -0.192	   -0.254	   -0.261	   -0.257	   -0.265	   -0.226	    0.360
    0.013	    0.001	   -0.181	   -0.255	   -0.349	   -0.300	   -0.252	    0.380
    0.015	   -0.202	   -0.203	   -0.225	   -0.248	   -0.286	   -0.264	    0.400
    0.014	   -0.196	   -0.240	   -0.235	   -0.186	   -0.259	   -0.262	    0.420
    0.013	   -0.196	   -0.183	   -0.268	   -0.320	   -0.273	   -0.261	    0.440
    0.013	    0.001	   -0.176	   -0.256	   -0.312	   -0.271	   -0.259	    0.460
    0.013	    0.001	   -0.164	   -0.236	   -0.266	   -0.264	   -0.257	    0.480
    0.013	   -0.196	   -0.216	   -0.223	   -0.188	   -0.244	   -0.250	    0.500
    0.012	    0.001	   -0.222	   -0.221	   -0.170	   -0.234	   -0.243	    0.520
    0.013	   -0.188	   -0.197	   -0.228	   -0.262	   -0.257	   -0.246	    0.540
    0.013	    0.000	   -0.116	   -0.212	   -0.373	   -0.299	   -0.262	    0.560
    0.013	    0.001	   -0.114	   -0.195	   -0.329	   -0.299	   -0.273	    0.580
    0.013	   -0.187	   -0.131	   -0.183	   -0.247	   -0.273	   -0.269	    0.600
    0.013	    0.001	   -0.187	   -0.179	   -0.162	   -0.241	   -0.257	    0.620
    0.014	    0.002	   -0.169	   -0.173	   -0.161	   -0.231	   -0.246	    0.640
    0.013	   -0.091	   -0.155	   -0.156	   -0.191	   -0.242	   -0.243	    0.660
    0.014	    0.002	   -0.068	   -0.159	   -0.341	   -0.287	   -0.256	    0.680
    0.014	   -0.124	   -0.078	   -0.128	   -0.257	   -0.280	   -0.263	    0.700
    0.013	    0.000	   -0.127	   -0.127	   -0.157	   -0.245	   -0.255	    0.720
    0.013	   -0.152	   -0.114	   -0.126	   -0.155	   -0.229	   -0.244	    0.740
    0.014	   -0.127	   -0.104	   -0.112	   -0.204	   -0.242	   -0.241	    0.760
    0.013	    0.001	   -0.092	   -0.105	   -0.238	   -0.262	   -0.248	    0.780
    0.013	    0.002	   -0.063	   -0.096	   -0.262	   -0.276	   -0.257	    0.800
    0.013	    0.001	   -0.030	   -0.085	   -0.255	   -0.273	   -0.261	    0.820
    0.012	   -0.007	   -0.125	   -0.090	   -0.052	   -0.195	   -0.237	    0.840
    0.013	    0.078	   -0.106	   -0.099	   -0.044	   -0.160	   -0.207	    0.860
    0.000	    0.000	    0.000	    0.000	    0.000	    0.000	    0.000	    0.880
    0.000	    0.000	    0.000	    0.000	    0.000	    0.000	    0.000	    0.900
    0.013	   -0.000	    0.049	   -0.091	   -0.237	   -0.199	   -0.200	    0.920
    0.013	    0.000	    0.057	   -0.060	   -0.264	   -0.221	   -0.205	    0.940
    0.013	    0.309	    0.071	   -0.037	   -0.246	   -0.223	   -0.209	    0.960
    0.014	    0.357	    0.104	   -0.013	   -0.196	   -0.204	   -0.206	    0.980
    0.012	    0.001	    0.117	    0.002	   -0.168	   -0.180	   -0.193	    1.000
    0.013	    0.001	    0.110	    0.006	   -0.158	   -0.157	   -0.176	    1.020
    0.013	    0.042	    0.112	    0.008	   -0.164	   -0.145	   -0.161	    1.040
    0.014	   -0.075	    0.096	    0.006	   -0.172	   -0.141	   -0.150	    1.060
    0.013	    0.001	    0.071	   -0.000	   -0.155	   -0.130	   -0.141	    1.080
    0.013	    0.001	    0.045	   -0.019	   -0.143	   -0.123	   -0.132	    1.100
    0.014	   -0.188	    0.027	   -0.035	   -0.140	   -0.117	   -0.124	    1.120
    0.014	   -0.193	    0.006	   -0.056	   -0.172	   -0.124	   -0.122	    1.140
    0.014	   -0.000	   -0.010	   -0.074	   -0.195	   -0.141	   -0.126	    1.160
    0.013	    0.000	   -0.008	   -0.082	   -0.204	   -0.153	   -0.135	    1.180
    0.013	    0.001	   -0.014	   -0.074	   -0.200	   -0.167	   -0.146	    1.200
    0.013	   -0.183	   -0.063	   -0.059	   -0.153	   -0.172	   -0.156	    1.220
    0.013	   -0.190	   -0.079	   -0.059	   -0.143	   -0.180	   -0.167	    1.240
    0.012	    0.002	   -0.076	   -0.060	   -0.155	   -0.194	   -0.178	    1.260
    0.012	    0.001	   -0.075	   -0.055	   -0.141	   -0.200	   -0.190	    1.280
    0.012	    0.001	   -0.070	   -0.052	   -0.146	   -0.207	   -0.197	    1.300
    0.012	   -0.197	   -0.080	   -0.051	   -0.132	   -0.206	   -0.203	    1.320
    0.013	    0.355	   -0.057	   -0.046	   -0.115	   -0.194	   -0.202	    1.340
    0.014	    0.001	   -0.037	   -0.034	   -0.088	   -0.179	   -0.194	    1.360
    0.013	    0.001	   -0.016	   -0.041	   -0.096	   -0.165	   -0.184	    1.380
    0.013	    0.001	   -0.013	   -0.048	   -0.090	   -0.147	   -0.169	    1.400
    0.013	    0.056	   -0.021	   -0.044	   -0.073	   -0.134	   -0.157	    1.420
    0.013	    0.002	    0.054	   -0.004	   -0.157	   -0.169	   -0.161	    1.440
    0.014	    0.001	    0.069	    0.002	   -0.200	   -0.195	   -0.174	    1.460
    0.014	    0.001	    0.089	    0.004	   -0.218	   -0.208	   -0.186	    1.480
    0.013	    0.298	    0.111	    0.011	   -0.218	   -0.208	   -0.193	    1.500
    0.013	    0.378	    0.145	    0.026	   -0.198	   -0.194	   -0.191	    1.520
    0.013	    0.001	    0.146	    0.037	   -0.158	   -0.166	   -0.179	    1.540
    0.013	    0.001	    0.129	    0.036	   -0.130	   -0.134	   -0.159	    1.560
    0.012	    0.001	    0.111	    0.029	   -0.122	   -0.116	   -0.139	    1.580
    0.013	   -0.056	    0.096	    0.018	   -0.125	   -0.107	   -0.124	    1.600
    0.013	   -0.192	    0.099	    0.020	   -0.139	   -0.108	   -0.116	    1.620
    0.012	    0.001	    0.071	    0.016	   -0.144	   -0.117	   -0.116	    1.640
    0.013	   -0.203	   -0.013	    0.026	   -0.034	   -0.109	   -0.116	    1.660
    0.013	    0.244	    0.019	    0.004	   -0.068	   -0.112	   -0.117	    1.680
    0.014	    0.002	    0.033	   -0.018	   -0.113	   -0.118	   -0.118	    1.700
    0.013	    0.000	    0.038	   -0.030	   -0.151	   -0.130	   -0.122	    1.720
    0.013	   -0.181	    0.027	   -0.039	   -0.169	   -0.140	   -0.127	    1.740
    0.013	   -0.210	    0.014	   -0.057	   -0.218	   -0.159	   -0.137	    1.760
    0.014	   -0.182	    0.005	   -0.071	   -0.252	   -0.180	   -0.151	    1.780
    0.013	    0.001	    0.003	   -0.078	   -0.267	   -0.201	   -0.167	    1.800
    0.014	    0.001	    0.011	   -0.074	   -0.272	   -0.215	   -0.183	    1.820
    0.013	   -0.054	    0.010	   -0.068	   -0.260	   -0.219	   -0.194	    1.840
    0.013	    0.338	    0.035	   -0.048	   -0.243	   -0.224	   -0.204	    1.860
    0.013	    0.001	    0.016	   -0.033	   -0.208	   -0.218	   -0.208	    1.880
    0.012	    0.001	    0.006	   -0.030	   -0.195	   -0.212	   -0.208	    1.900
    0.012	    0.001	   -0.034	   -0.016	   -0.103	   -0.186	   -0.199	    1.920
    0.013	    0.328	   -0.024	   -0.005	   -0.046	   -0.161	   -0.187	    1.940
    0.011	    0.001	   -0.037	   -0.018	   -0.045	   -0.141	   -0.172	    1.960
    0.012	   -0.202	   -0.042	   -0.037	   -0.050	   -0.125	   -0.154	    1.980
    0.013	   -0.190	   -0.037	   -0.061	   -0.103	   -0.126	   -0.142	    2.000
    0.013	    0.001	   -0.031	   -0.073	   -0.145	   -0.139	   -0.140	    2.020
    0.013	    0.001	   -0.007	   -0.078	   -0.201	   -0.167	   -0.149	    2.040
    0.013	    0.086	    0.006	   -0.075	   -0.212	   -0.182	   -0.160	    2.060
    0.013	   -0.199	   -0.008	   -0.082	   -0.240	   -0.197	   -0.172	    2.080
    0.013	    0.001	   -0.009	   -0.087	   -0.254	   -0.208	   -0.183	    2.100
    0.014	    0.001	   -0.008	   -0.096	   -0.279	   -0.222	   -0.194	    2.120
    0.013	    0.001	    0.003	   -0.091	   -0.278	   -0.227	   -0.204	    2.140
    0.013	   -0.199	   -0.002	   -0.089	   -0.275	   -0.230	   -0.211	    2.160
    0.013	   -0.207	   -0.014	   -0.092	   -0.287	   -0.238	   -0.216	    2.180
    0.013	    0.001	   -0.015	   -0.092	   -0.286	   -0.245	   -0.223	    2.200
    0.012	    0.001	   -0.011	   -0.077	   -0.282	   -0.251	   -0.231	    2.220
    0.013	   -0.200	   -0.037	   -0.065	   -0.244	   -0.249	   -0.237	    2.240
    0.012	   -0.187	    0.002	   -0.071	   -0.287	   -0.260	   -0.241	    2.260
    0.013	   -0.195	   -0.027	   -0.080	   -0.255	   -0.247	   -0.240	    2.280
    0.013	    0.001	   -0.016	   -0.078	   -0.275	   -0.248	   -0.238	    2.300
    0.013	    0.001	   -0.016	   -0.076	   -0.252	   -0.241	   -0.236	    2.320
    0.012	   -0.197	   -0.034	   -0.073	   -0.231	   -0.233	   -0.232	    2.340
    0.013	   -0.194	   -0.081	   -0.073	   -0.192	   -0.222	   -0.226	    2.360
    0.013	    0.002	   -0.090	   -0.079	   -0.182	   -0.217	   -0.221	    2.380
    0.013	    0.000	   -0.096	   -0.082	   -0.165	   -0.210	   -0.215	    2.400
    0.013	    0.001	   -0.089	   -0.079	   -0.154	   -0.208	   -0.212	    2.420
    0.013	   -0.195	   -0.099	   -0.075	   -0.133	   -0.200	   -0.208	    2.440
    0.013	   -0.189	   -0.114	   -0.080	   -0.135	   -0.200	   -0.206	    2.460
    0.013	    0.000	   -0.116	   -0.083	   -0.130	   -0.201	   -0.205	    2.480
    0.014	    0.001	   -0.105	   -0.083	   -0.134	   -0.205	   -0.206	    2.500
    0.013	   -0.188	   -0.111	   -0.081	   -0.128	   -0.204	   -0.207	    2.520
    0.012	   -0.200	   -0.124	   -0.088	   -0.138	   -0.206	   -0.208	    2.540
    0.012	   -0.200	   -0.132	   -0.096	   -0.152	   -0.212	   -0.211	    2.560
    0.013	    0.001	   -0.131	   -0.106	   -0.154	   -0.215	   -0.213	    2.580
    0.013	    0.001	   -0.099	   -0.112	   -0.170	   -0.215	   -0.214	    2.600
    0.012	   -0.206	   -0.113	   -0.119	   -0.151	   -0.205	   -0.210	    2.620
    0.013	   -0.208	   -0.070	   -0.135	   -0.246	   -0.224	   -0.212	    2.640
    0.012	    0.001	   -0.061	   -0.135	   -0.271	   -0.235	   -0.217	    2.660
    0.013	   -0.001	   -0.052	   -0.136	   -0.298	   -0.251	   -0.226	    2.680
    0.013	   -0.201	   -0.055	   -0.131	   -0.282	   -0.252	   -0.233	    2.700
    0.014	   -0.205	   -0.051	   -0.131	   -0.290	   -0.254	   -0.237	    2.720
    0.013	   -0.191	   -0.059	   -0.134	   -0.290	   -0.256	   -0.239	    2.740
    0.014	    0.001	   -0.047	   -0.136	   -0.314	   -0.264	   -0.244	    2.760
    0.014	    0.002	   -0.030	   -0.127	   -0.314	   -0.267	   -0.248	    2.780
    0.013	   -0.164	   -0.018	   -0.120	   -0.317	   -0.270	   -0.251	    2.800
    0.014	   -0.146	    0.006	   -0.109	   -0.339	   -0.276	   -0.255	    2.820
    0.013	    0.001	    0.021	   -0.088	   -0.349	   -0.289	   -0.262	    2.840
    0.012	   -0.132	   -0.036	   -0.042	   -0.231	   -0.284	   -0.269	    2.860
    0.013	   -0.186	    0.008	   -0.048	   -0.287	   -0.296	   -0.277	    2.880
    0.013	    0.001	    0.005	   -0.052	   -0.260	   -0.284	   -0.277	    2.900
    0.011	    0.001	    0.012	   -0.058	   -0.253	   -0.269	   -0.269	    2.920
    0.012	   -0.197	   -0.014	   -0.067	   -0.219	   -0.243	   -0.255	    2.940
    0.012	   -0.197	   -0.088	   -0.098	   -0.160	   -0.200	   -0.231	    2.960
    0.012	   -0.193	   -0.181	   -0.152	   -0.062	   -0.132	   -0.191	    2.980
    0.013	    0.001	   -0.232	   -0.201	    0.013	   -0.071	   -0.144	    3.000
    0.013	   -0.193	   -0.248	   -0.245	   -0.028	   -0.052	   -0.106	    3.020
    0.013	   -0.195	   -0.252	   -0.277	   -0.110	   -0.072	   -0.090	    3.040
    0.013	   -0.197	   -0.263	   -0.300	   -0.167	   -0.097	   -0.091	    3.060
    0.013	    0.001	   -0.243	   -0.312	   -0.244	   -0.140	   -0.107	    3.080
    0.014	    0.000	   -0.217	   -0.298	   -0.267	   -0.180	   -0.133	    3.100
    0.014	   -0.187	   -0.203	   -0.288	   -0.310	   -0.218	   -0.164	    3.120
    0.014	   -0.196	   -0.204	   -0.283	   -0.331	   -0.247	   -0.193	    3.140
    0.013	    0.001	   -0.267	   -0.261	   -0.199	   -0.234	   -0.209	    3.160
    0.013	   -0.206	   -0.254	   -0.260	   -0.206	   -0.240	   -0.221	    3.180
    0.013	   -0.203	   -0.224	   -0.265	   -0.262	   -0.255	   -0.232	    3.200
    0.014	    0.001	   -0.219	   -0.257	   -0.265	   -0.266	   -0.242	    3.220
    0.013	    0.001	   -0.169	   -0.246	   -0.300	   -0.281	   -0.255	    3.240
    0.011	   -0.202	   -0.156	   -0.229	   -0.307	   -0.291	   -0.266	    3.260
    0.013	   -0.183	   -0.139	   -0.220	   -0.327	   -0.299	   -0.274	    3.280
    0.013	   -0.187	   -0.142	   -0.215	   -0.325	   -0.299	   -0.279	    3.300
    0.013	    0.000	   -0.128	   -0.214	   -0.339	   -0.301	   -0.282	    3.320
    0.013	    0.001	   -0.112	   -0.203	   -0.326	   -0.296	   -0.282	    3.340
    0.013	   -0.177	   -0.109	   -0.198	   -0.323	   -0.289	   -0.279	    3.360
    0.013	   -0.189	   -0.118	   -0.198	   -0.315	   -0.281	   -0.275	    3.380
    0.014	    0.001	   -0.114	   -0.197	   -0.312	   -0.275	   -0.269	    3.400
    0.013	    0.000	   -0.100	   -0.190	   -0.303	   -0.269	   -0.264	    3.420
    0.013	   -0.190	   -0.101	   -0.184	   -0.294	   -0.262	   -0.257	    3.440
    0.014	    0.000	   -0.165	   -0.151	   -0.139	   -0.227	   -0.245	    3.460
    0.013	    0.001	   -0.151	   -0.143	   -0.134	   -0.216	   -0.234	    3.480
    0.013	   -0.201	   -0.139	   -0.146	   -0.196	   -0.228	   -0.230	    3.500
    0.013	    0.001	   -0.070	   -0.145	   -0.303	   -0.262	   -0.238	    3.520
    0.012	   -0.192	   -0.055	   -0.132	   -0.322	   -0.277	   -0.249	    3.540
    0.012	   -0.186	   -0.071	   -0.135	   -0.275	   -0.262	   -0.251	    3.560
    0.013	   -0.197	   -0.134	   -0.129	   -0.152	   -0.221	   -0.238	    3.580
    0.000	    0.000	    0.000	    0.000	    0.000	    0.000	    0.000	    3.600
    0.000	    0.000	    0.000	    0.000	    0.000	    0.000	    0.000	    3.620
    0.013	   -0.198	    0.000	   -0.127	   -0.297	   -0.264	   -0.244	    3.640
    0.013	   -0.190	   -0.008	   -0.098	   -0.321	   -0.301	   -0.264	    3.660
    0.012	    0.001	    0.082	   -0.078	   -0.493	   -0.376	   -0.301	    3.680
    0.013	   -0.199	    0.045	   -0.040	   -0.401	   -0.382	   -0.329	    3.700
    0.013	   -0.200	   -0.023	   -0.044	   -0.218	   -0.313	   -0.321	    3.720
    0.013	   -0.199	   -0.056	   -0.097	   -0.208	   -0.262	   -0.294	    3.740
    0.013	    0.000	   -0.079	   -0.094	   -0.085	   -0.191	   -0.252	    3.760
    0.013	   -0.201	    0.050	   -0.062	   -0.282	   -0.234	   -0.238	    3.780
    0.013	    0.001	    0.132	   -0.003	   -0.477	   -0.340	   -0.271	    3.800
    0.014	   -0.184	    0.193	    0.046	   -0.536	   -0.414	   -0.321	    3.820
    0.014	   -0.203	    0.165	    0.064	   -0.434	   -0.407	   -0.351	    3.840
    0.015	    0.001	    0.108	    0.060	   -0.266	   -0.343	   -0.345	    3.860
    0.013	   -0.198	   -0.009	    0.040	   -0.061	   -0.243	   -0.305	    3.880
    0.013	    0.000	    0.092	    0.004	   -0.231	   -0.237	   -0.273	    3.900
    0.013	   -0.187	    0.130	    0.020	   -0.246	   -0.228	   -0.248	    3.920
    0.013	    0.001	    0.027	    0.038	   -0.144	   -0.207	   -0.231	    3.940
    0.012	   -0.204	    0.015	    0.018	   -0.154	   -0.205	   -0.220	    3.960
    0.013	    0.001	    0.354	    0.063	   -0.532	   -0.321	   -0.249	    3.980
    0.014	    0.001	    0.444	    0.189	   -0.691	   -0.456	   -0.321	    4.000
    0.013	   -0.183	    0.343	    0.230	   -0.521	   -0.480	   -0.379	    4.020
    0.012	    0.001	    0.127	    0.212	   -0.115	   -0.353	   -0.373	    4.040
    0.013	   -0.189	    0.012	    0.133	    0.056	   -0.216	   -0.314	    4.060
    0.014	   -0.175	    0.012	    0.053	    0.053	   -0.114	   -0.234	    4.080
    0.013	    0.001	   -0.003	    0.002	    0.024	   -0.051	   -0.158	    4.100
    0.013	   -0.179	   -0.105	   -0.037	    0.141	    0.022	   -0.088	    4.120
    0.013	    0.001	   -0.171	   -0.092	    0.158	    0.059	   -0.033	    4.140
    0.013	   -0.175	   -0.086	   -0.132	   -0.103	   -0.011	   -0.022	    4.160
    0.014	    0.001	   -0.101	   -0.113	   -0.118	   -0.066	   -0.040	    4.180
    0.013	   -0.178	   -0.164	   -0.128	   -0.060	   -0.087	   -0.062	    4.200
    0.013	    0.001	   -0.152	   -0.144	   -0.157	   -0.134	   -0.093	    4.220
    0.013	   -0.168	   -0.095	   -0.151	   -0.246	   -0.181	   -0.127	    4.240
    0.012	    0.001	   -0.102	   -0.147	   -0.211	   -0.190	   -0.152	    4.260
    0.012	    0.001	   -0.158	   -0.175	   -0.158	   -0.176	   -0.161	    4.280
    0.012	   -0.168	   -0.094	   -0.168	   -0.258	   -0.208	   -0.178	    4.300
    0.013	    0.001	   -0.180	   -0.157	   -0.098	   -0.173	   -0.177	    4.320
    0.012	   -0.190	   -0.172	   -0.159	   -0.151	   -0.186	   -0.182	    4.340
    0.013	    0.000	   -0.162	   -0.155	   -0.190	   -0.209	   -0.192	    4.360
    0.013	    0.001	   -0.143	   -0.146	   -0.208	   -0.228	   -0.207	    4.380
    0.013	   -0.184	   -0.140	   -0.137	   -0.204	   -0.238	   -0.219	    4.400
    0.013	   -0.199	   -0.125	   -0.142	   -0.250	   -0.253	   -0.231	    4.420
    0.000	    0.000	    0.000	    0.000	    0.000	    0.000	    0.000	    4.440
    0.000	    0.000	    0.000	    0.000	    0.000	    0.000	    0.000	    4.460
    0.014	   -0.196	   -0.090	   -0.153	   -0.274	   -0.264	   -0.242	    4.480
    0.013	   -0.001	   -0.089	   -0.157	   -0.261	   -0.254	   -0.243	    4.500
    0.012	    0.001	   -0.084	   -0.153	   -0.236	   -0.239	   -0.237	    4.520
    0.012	   -0.185	   -0.098	   -0.146	   -0.203	   -0.225	   -0.230	    4.540
    0.012	    0.001	   -0.132	   -0.146	   -0.163	   -0.210	   -0.221	    4.560
    0.010	    0.001	   -0.145	   -0.145	   -0.128	   -0.197	   -0.211	    4.580
    0.011	   -0.190	   -0.135	   -0.132	   -0.164	   -0.209	   -0.210	    4.600
    0.012	    0.001	   -0.123	   -0.126	   -0.213	   -0.236	   -0.219	    4.620
    0.012	    0.001	   -0.102	   -0.114	   -0.230	   -0.251	   -0.232	    4.640
    0.012	   -0.204	   -0.106	   -0.103	   -0.205	   -0.251	   -0.240	    4.660
    0.012	    0.000	   -0.029	   -0.107	   -0.309	   -0.279	   -0.251	    4.680
    0.012	    0.000	   -0.027	   -0.097	   -0.270	   -0.267	   -0.254	    4.700
    0.013	   -0.198	   -0.059	   -0.095	   -0.164	   -0.224	   -0.241	    4.720
    0.013	    0.001	   -0.121	   -0.102	   -0.081	   -0.182	   -0.218	    4.740
    0.000	    0.000	    0.000	    0.000	    0.000	    0.000	    0.000	    4.760
    0.013	    0.001	   -0.102	   -0.106	   -0.121	   -0.178	   -0.203	    4.780
    0.013	   -0.197	   -0.078	   -0.126	   -0.204	   -0.198	   -0.198	    4.800
    0.013	    0.001	   -0.027	   -0.112	   -0.291	   -0.232	   -0.207	    4.820
    0.013	   -0.189	   -0.039	   -0.121	   -0.234	   -0.223	   -0.211	    4.840
    0.013	    0.001	   -0.094	   -0.127	   -0.190	   -0.213	   -0.210	    4.860
    0.012	   -0.186	   -0.024	   -0.120	   -0.297	   -0.247	   -0.220	    4.880
    0.013	    0.000	   -0.038	   -0.109	   -0.231	   -0.229	   -0.222	    4.900
    0.012	   -0.185	   -0.119	   -0.103	   -0.099	   -0.186	   -0.208	    4.920
    0.012	    0.001	   -0.029	   -0.119	   -0.290	   -0.230	   -0.211	    4.940
    0.012	   -0.187	   -0.045	   -0.104	   -0.224	   -0.223	   -0.213	    4.960
    0.012	    0.002	   -0.118	   -0.103	   -0.113	   -0.189	   -0.204	    4.980
    0.013	    0.001	   -0.104	   -0.108	   -0.143	   -0.191	   -0.199	    5.000
    0.013	   -0.201	   -0.033	   -0.112	   -0.291	   -0.236	   -0.210	    5.020
    0.013	    0.001	   -0.020	   -0.099	   -0.310	   -0.259	   -0.226	    5.040
    0.014	   -0.199	   -0.112	   -0.088	   -0.116	   -0.213	   -0.222	    5.060
    0.014	    0.000	   -0.050	   -0.109	   -0.258	   -0.239	   -0.226	    5.080
    0.013	   -0.187	   -0.024	   -0.096	   -0.295	   -0.255	   -0.234	    5.100
    0.014	    0.001	   -0.081	   -0.091	   -0.157	   -0.216	   -0.226	    5.120
    0.014	   -0.190	   -0.115	   -0.106	   -0.115	   -0.188	   -0.211	    5.140
    0.013	    0.002	   -0.026	   -0.114	   -0.302	   -0.236	   -0.216	    5.160
    0.013	   -0.195	   -0.034	   -0.103	   -0.269	   -0.238	   -0.222	    5.180
    0.012	    0.000	   -0.114	   -0.098	   -0.118	   -0.199	   -0.213	    5.200
    0.012	   -0.211	   -0.028	   -0.116	   -0.299	   -0.240	   -0.220	    5.220
    0.012	    0.000	   -0.040	   -0.101	   -0.245	   -0.238	   -0.224	    5.240
    0.012	   -0.188	   -0.118	   -0.099	   -0.117	   -0.200	   -0.215	    5.260
    0.012	    0.001	   -0.101	   -0.108	   -0.192	   -0.216	   -0.214	    5.280
    0.012	   -0.208	   -0.025	   -0.110	   -0.325	   -0.258	   -0.227	    5.300
    0.013	    0.001	   -0.072	   -0.124	   -0.243	   -0.247	   -0.233	    5.320
    0.013	   -0.198	   -0.033	   -0.099	   -0.255	   -0.256	   -0.240	    5.340
    0.013	    0.002	   -0.097	   -0.096	   -0.140	   -0.220	   -0.231	    5.360
    0.014	   -0.202	   -0.117	   -0.110	   -0.122	   -0.197	   -0.218	    5.380
    0.013	   -0.197	   -0.064	   -0.115	   -0.262	   -0.233	   -0.220	    5.400
    0.014	    0.001	   -0.024	   -0.110	   -0.322	   -0.263	   -0.233	    5.420
    0.014	   -0.194	   -0.041	   -0.101	   -0.245	   -0.246	   -0.235	    5.440
    0.013	    0.000	   -0.116	   -0.100	   -0.114	   -0.203	   -0.223	    5.460
    0.013	   -0.202	   -0.046	   -0.131	   -0.288	   -0.232	   -0.222	    5.480
    0.013	    0.001	   -0.049	   -0.118	   -0.262	   -0.236	   -0.224	    5.500
    0.013	   -0.201	   -0.112	   -0.130	   -0.194	   -0.219	   -0.220	    5.520
    0.013	    0.002	   -0.121	   -0.110	   -0.155	   -0.218	   -0.220	    5.540
    0.013	    0.000	   -0.037	   -0.119	   -0.309	   -0.260	   -0.232	    5.560
    0.013	   -0.189	   -0.038	   -0.100	   -0.297	   -0.275	   -0.245	    5.580
    0.014	   -0.200	   -0.114	   -0.098	   -0.145	   -0.230	   -0.239	    5.600
    0.013	    0.001	   -0.113	   -0.114	   -0.153	   -0.216	   -0.229	    5.620
    0.013	   -0.193	   -0.089	   -0.112	   -0.231	   -0.239	   -0.231	    5.640
    0.013	    0.001	   -0.035	   -0.105	   -0.294	   -0.262	   -0.239	    5.660
    0.014	   -0.192	   -0.114	   -0.103	   -0.151	   -0.226	   -0.234	    5.680
    0.013	    0.001	   -0.031	   -0.114	   -0.308	   -0.264	   -0.241	    5.700
    0.013	    0.000	   -0.036	   -0.116	   -0.224	   -0.243	   -0.240	    5.720
    0.014	    0.001	   -0.025	   -0.142	   -0.228	   -0.228	   -0.232	    5.740
    0.013	    0.000	   -0.055	   -0.121	   -0.141	   -0.195	   -0.215	    5.760
    0.000	    0.000	    0.000	    0.000	    0.000	    0.000	    0.000	    5.780
    0.000	    0.000	    0.000	    0.000	    0.000	    0.000	    0.000	    5.800
    0.012	   -0.201	   -0.089	   -0.153	   -0.156	   -0.187	   -0.203	    5.820
    0.013	    0.002	   -0.017	   -0.130	   -0.280	   -0.232	   -0.209	    5.840
    0.012	   -0.203	   -0.084	   -0.125	   -0.200	   -0.214	   -0.210	    5.860
    0.013	   -0.211	   -0.026	   -0.131	   -0.299	   -0.245	   -0.220	    5.880
    0.013	    0.002	   -0.039	   -0.139	   -0.280	   -0.247	   -0.227	    5.900
    0.014	   -0.207	   -0.025	   -0.108	   -0.303	   -0.263	   -0.237	    5.920
    0.014	    0.001	   -0.070	   -0.100	   -0.193	   -0.237	   -0.236	    5.940
    0.013	    0.002	   -0.108	   -0.104	   -0.130	   -0.211	   -0.226	    5.960
    0.013	    0.002	   -0.014	   -0.107	   -0.283	   -0.242	   -0.228	    5.980
    0.013	   -0.194	   -0.052	   -0.091	   -0.164	   -0.211	   -0.221	    6.000
    0.013	    0.002	   -0.108	   -0.100	   -0.108	   -0.183	   -0.206	    6.020
    0.000	    0.000	    0.000	    0.000	    0.000	    0.000	    0.000	    6.040
    0.013	   -0.204	   -0.110	   -0.113	   -0.166	   -0.199	   -0.203	    6.060
    0.012	   -0.205	   -0.037	   -0.121	   -0.340	   -0.261	   -0.221	    6.080
    0.013	    0.002	   -0.081	   -0.107	   -0.211	   -0.243	   -0.229	    6.100
    0.012	   -0.194	   -0.124	   -0.128	   -0.195	   -0.231	   -0.229	    6.120
    0.011	    0.001	   -0.056	   -0.120	   -0.271	   -0.257	   -0.236	    6.140
    0.012	   -0.193	   -0.107	   -0.118	   -0.193	   -0.240	   -0.236	    6.160
    0.013	    0.000	   -0.049	   -0.141	   -0.296	   -0.259	   -0.241	    6.180
    0.012	   -0.192	   -0.115	   -0.121	   -0.158	   -0.226	   -0.235	    6.200
    0.013	    0.001	   -0.123	   -0.130	   -0.172	   -0.226	   -0.230	    6.220
    0.013	   -0.202	   -0.036	   -0.131	   -0.338	   -0.273	   -0.243	    6.240
    0.014	    0.001	   -0.063	   -0.112	   -0.245	   -0.261	   -0.247	    6.260
    0.013	    0.001	   -0.072	   -0.122	   -0.249	   -0.259	   -0.249	    6.280
    0.014	   -0.193	   -0.035	   -0.094	   -0.244	   -0.262	   -0.252	    6.300
    0.014	    0.002	   -0.108	   -0.094	   -0.122	   -0.221	   -0.240	    6.320
    0.014	   -0.207	   -0.089	   -0.105	   -0.210	   -0.230	   -0.234	    6.340
    0.013	    0.001	   -0.039	   -0.094	   -0.245	   -0.242	   -0.234	    6.360
    0.013	   -0.191	   -0.116	   -0.095	   -0.117	   -0.205	   -0.224	    6.380
    0.013	    0.001	   -0.089	   -0.110	   -0.218	   -0.225	   -0.222	    6.400
    0.013	   -0.186	   -0.042	   -0.094	   -0.237	   -0.238	   -0.226	    6.420
    0.012	    0.001	   -0.096	   -0.111	   -0.200	   -0.225	   -0.225	    6.440
    0.013	   -0.195	   -0.026	   -0.119	   -0.305	   -0.256	   -0.232	    6.460
    0.013	   -0.197	   -0.082	   -0.124	   -0.176	   -0.231	   -0.232	    6.480
    0.014	    0.001	   -0.099	   -0.121	   -0.135	   -0.215	   -0.224	    6.500
    0.013	    0.001	   -0.067	   -0.124	   -0.170	   -0.208	   -0.217	    6.520
    0.013	   -0.197	   -0.113	   -0.119	   -0.127	   -0.190	   -0.206	    6.540
    0.014	    0.001	   -0.023	   -0.122	   -0.315	   -0.241	   -0.215	    6.560
    0.013	   -0.191	   -0.044	   -0.104	   -0.230	   -0.231	   -0.219	    6.580
    0.013	    0.001	   -0.096	   -0.102	   -0.156	   -0.211	   -0.215	    6.600
    0.013	   -0.194	   -0.116	   -0.110	   -0.130	   -0.195	   -0.208	    6.620
    0.013	   -0.198	   -0.097	   -0.110	   -0.221	   -0.225	   -0.213	    6.640
    0.013	    0.001	   -0.021	   -0.109	   -0.338	   -0.270	   -0.231	    6.660
    0.012	    0.001	   -0.013	   -0.108	   -0.308	   -0.270	   -0.242	    6.680
    0.013	   -0.198	   -0.060	   -0.086	   -0.188	   -0.242	   -0.241	    6.700
    0.012	    0.001	   -0.100	   -0.092	   -0.117	   -0.208	   -0.228	    6.720
    0.013	    0.001	   -0.087	   -0.093	   -0.122	   -0.196	   -0.216	    6.740
    0.013	   -0.201	   -0.095	   -0.107	   -0.151	   -0.190	   -0.205	    6.760
    0.013	   -0.204	   -0.110	   -0.100	   -0.151	   -0.202	   -0.204	    6.780
    0.014	    0.001	   -0.007	   -0.109	   -0.341	   -0.261	   -0.222	    6.800
    0.013	    0.001	    0.005	   -0.083	   -0.310	   -0.273	   -0.239	    6.820
    0.013	   -0.208	   -0.016	   -0.100	   -0.252	   -0.254	   -0.242	    6.840
    0.013	    0.001	   -0.035	   -0.092	   -0.179	   -0.216	   -0.230	    6.860
    0.013	    0.001	   -0.070	   -0.086	   -0.122	   -0.189	   -0.213	    6.880
    0.013	   -0.196	   -0.099	   -0.096	   -0.114	   -0.176	   -0.199	    6.900
    0.013	    0.001	   -0.081	   -0.089	   -0.196	   -0.208	   -0.201	    6.920
    0.012	   -0.189	   -0.070	   -0.084	   -0.244	   -0.240	   -0.215	    6.940
    0.013	   -0.200	   -0.040	   -0.085	   -0.291	   -0.264	   -0.232	    6.960
    0.012	    0.002	   -0.010	   -0.081	   -0.320	   -0.280	   -0.247	    6.980
    0.012	   -0.208	   -0.029	   -0.083	   -0.245	   -0.257	   -0.248	    7.000
    0.012	    0.000	   -0.108	   -0.086	   -0.106	   -0.205	   -0.231	    7.020
    0.012	    0.002	   -0.096	   -0.085	   -0.129	   -0.201	   -0.219	    7.040
    0.013	   -0.186	   -0.095	   -0.080	   -0.137	   -0.203	   -0.213	    7.060
    0.013	   -0.190	   -0.106	   -0.081	   -0.153	   -0.208	   -0.211	    7.080
    0.013	    0.001	   -0.072	   -0.094	   -0.244	   -0.238	   -0.219	    7.100
    0.013	   -0.197	   -0.023	   -0.095	   -0.308	   -0.262	   -0.234	    7.120
    0.013	    0.001	   -0.028	   -0.099	   -0.279	   -0.252	   -0.238	    7.140
    0.014	    0.001	   -0.023	   -0.102	   -0.254	   -0.236	   -0.233	    7.160
    0.014	   -0.194	   -0.037	   -0.103	   -0.215	   -0.219	   -0.223	    7.180
    0.014	   -0.206	   -0.057	   -0.108	   -0.201	   -0.203	   -0.212	    7.200
    0.013	    0.002	   -0.123	   -0.109	   -0.121	   -0.184	   -0.200	    7.220
    0.013	   -0.189	   -0.125	   -0.114	   -0.140	   -0.189	   -0.196	    7.240
    0.013	    0.001	   -0.051	   -0.124	   -0.313	   -0.244	   -0.211	    7.260
    0.013	    0.002	   -0.099	   -0.089	   -0.180	   -0.236	   -0.222	    7.280
    0.013	    0.002	   -0.011	   -0.116	   -0.320	   -0.273	   -0.239	    7.300
    0.013	   -0.193	   -0.023	   -0.087	   -0.282	   -0.276	   -0.251	    7.320
    0.013	   -0.201	   -0.055	   -0.090	   -0.181	   -0.238	   -0.244	    7.340
    0.012	    0.001	   -0.114	   -0.098	   -0.097	   -0.194	   -0.226	    7.360
    0.013	   -0.197	   -0.087	   -0.110	   -0.206	   -0.213	   -0.217	    7.380
    0.013	    0.001	   -0.026	   -0.106	   -0.303	   -0.249	   -0.225	    7.400
    0.013	   -0.211	   -0.042	   -0.105	   -0.247	   -0.237	   -0.227	    7.420
    0.013	    0.001	   -0.116	   -0.103	   -0.134	   -0.205	   -0.218	    7.440
    0.014	    0.001	   -0.091	   -0.096	   -0.182	   -0.222	   -0.219	    7.460
    0.014	   -0.199	   -0.087	   -0.090	   -0.206	   -0.236	   -0.225	    7.480
    0.013	   -0.206	   -0.083	   -0.084	   -0.190	   -0.239	   -0.230	    7.500
    0.013	   -0.189	   -0.117	   -0.099	   -0.130	   -0.212	   -0.223	    7.520
    0.013	   -0.191	   -0.121	   -0.108	   -0.164	   -0.219	   -0.222	    7.540
    0.013	   -0.186	   -0.119	   -0.125	   -0.210	   -0.240	   -0.228	    7.560
    0.013	   -0.201	   -0.081	   -0.127	   -0.304	   -0.275	   -0.244	    7.580
    0.013	    0.001	   -0.061	   -0.117	   -0.318	   -0.289	   -0.258	    7.600
    0.013	   -0.196	   -0.046	   -0.106	   -0.310	   -0.290	   -0.267	    7.620
    0.013	    0.001	   -0.054	   -0.113	   -0.249	   -0.264	   -0.263	    7.640
    0.013	    0.001	   -0.077	   -0.115	   -0.202	   -0.240	   -0.251	    7.660
    0.014	   -0.194	   -0.114	   -0.113	   -0.135	   -0.211	   -0.234	    7.680
    0.013	    0.001	   -0.142	   -0.134	   -0.120	   -0.193	   -0.218	    7.700
    0.013	   -0.197	   -0.078	   -0.147	   -0.305	   -0.245	   -0.224	    7.720
    0.013	    0.002	   -0.049	   -0.128	   -0.354	   -0.283	   -0.243	    7.740
    0.013	    0.001	   -0.052	   -0.125	   -0.302	   -0.283	   -0.255	    7.760
    0.013	   -0.199	   -0.131	   -0.107	   -0.134	   -0.237	   -0.248	    7.780
    0.013	    0.001	   -0.118	   -0.146	   -0.197	   -0.229	   -0.239	    7.800
    0.014	   -0.196	   -0.049	   -0.135	   -0.315	   -0.262	   -0.243	    7.820
    0.014	    0.000	   -0.042	   -0.122	   -0.316	   -0.273	   -0.250	    7.840
    0.014	    0.000	   -0.062	   -0.108	   -0.203	   -0.242	   -0.245	    7.860
    0.014	   -0.200	   -0.111	   -0.109	   -0.129	   -0.209	   -0.230	    7.880
    0.013	    0.002	   -0.128	   -0.118	   -0.114	   -0.192	   -0.215	    7.900
    0.013	    0.000	   -0.115	   -0.112	   -0.135	   -0.193	   -0.206	    7.920
    0.013	    0.002	   -0.018	   -0.116	   -0.313	   -0.246	   -0.218	    7.940
    0.012	    0.001	   -0.017	   -0.106	   -0.306	   -0.257	   -0.229	    7.960
    0.013	   -0.198	   -0.031	   -0.099	   -0.241	   -0.236	   -0.230	    7.980
    0.013	    0.000	   -0.109	   -0.094	   -0.110	   -0.194	   -0.217	    8.000
    0.013	   -0.182	   -0.057	   -0.116	   -0.243	   -0.218	   -0.213	    8.020
    0.013	   -0.193	   -0.035	   -0.118	   -0.294	   -0.248	   -0.223	    8.040
    0.013	   -0.200	   -0.038	   -0.131	   -0.329	   -0.264	   -0.234	    8.060
    0.013	   -0.203	   -0.040	   -0.123	   -0.337	   -0.279	   -0.246	    8.080
    0.013	    0.002	   -0.038	   -0.117	   -0.321	   -0.283	   -0.257	    8.100
    0.013	   -0.197	   -0.060	   -0.106	   -0.216	   -0.251	   -0.253	    8.120
    0.013	   -0.194	   -0.134	   -0.114	   -0.135	   -0.222	   -0.238	    8.140
    0.013	    0.001	   -0.139	   -0.126	   -0.134	   -0.207	   -0.226	    8.160
    0.013	   -0.183	   -0.123	   -0.124	   -0.206	   -0.226	   -0.225	    8.180
    0.013	    0.000	   -0.072	   -0.123	   -0.295	   -0.265	   -0.237	    8.200
    0.013	    0.000	   -0.035	   -0.113	   -0.335	   -0.287	   -0.253	    8.220
    0.013	   -0.203	   -0.041	   -0.116	   -0.297	   -0.276	   -0.258	    8.240
    0.013	    0.001	   -0.050	   -0.119	   -0.253	   -0.253	   -0.252	    8.260
    0.013	   -0.197	   -0.141	   -0.116	   -0.116	   -0.205	   -0.233	    8.280
    0.013	    0.001	   -0.117	   -0.127	   -0.219	   -0.227	   -0.228	    8.300
    0.013	    0.001	   -0.042	   -0.131	   -0.323	   -0.265	   -0.238	    8.320
    0.013	   -0.201	   -0.126	   -0.163	   -0.152	   -0.229	   -0.236	    8.340
    0.014	    0.000	   -0.063	   -0.150	   -0.285	   -0.260	   -0.242	    8.360
    0.013	   -0.199	   -0.048	   -0.116	   -0.262	   -0.262	   -0.247	    8.380
    0.013	    0.001	   -0.118	   -0.111	   -0.134	   -0.222	   -0.237	    8.400
    0.013	    0.001	   -0.019	   -0.118	   -0.303	   -0.258	   -0.240	    8.420
    0.013	   -0.191	   -0.113	   -0.099	   -0.116	   -0.210	   -0.229	    8.440
    0.013	    0.001	   -0.099	   -0.107	   -0.188	   -0.222	   -0.225	    8.460
    0.012	   -0.194	   -0.031	   -0.109	   -0.291	   -0.244	   -0.228	    8.480
    0.013	    0.001	   -0.061	   -0.099	   -0.192	   -0.221	   -0.224	    8.500
    0.013	   -0.197	   -0.120	   -0.106	   -0.120	   -0.194	   -0.212	    8.520
    0.012	   -0.197	   -0.118	   -0.108	   -0.131	   -0.191	   -0.203	    8.540
    0.012	    0.001	   -0.126	   -0.113	   -0.118	   -0.185	   -0.196	    8.560
    0.013	    0.001	   -0.111	   -0.102	   -0.143	   -0.198	   -0.198	    8.580
    0.013	   -0.193	   -0.102	   -0.100	   -0.187	   -0.219	   -0.206	    8.600
    0.013	   -0.000	   -0.060	   -0.103	   -0.271	   -0.251	   -0.222	    8.620
    0.013	    0.001	   -0.079	   -0.090	   -0.213	   -0.247	   -0.231	    8.640
    0.013	   -0.199	   -0.017	   -0.090	   -0.281	   -0.262	   -0.241	    8.660
    0.013	    0.000	   -0.099	   -0.084	   -0.107	   -0.214	   -0.229	    8.680
    0.014	   -0.195	   -0.072	   -0.113	   -0.202	   -0.211	   -0.220	    8.700
    0.013	    0.002	   -0.021	   -0.104	   -0.289	   -0.237	   -0.222	    8.720
    0.013	   -0.197	   -0.105	   -0.091	   -0.132	   -0.204	   -0.216	    8.740
    0.013	    0.001	   -0.023	   -0.105	   -0.289	   -0.240	   -0.221	    8.760
    0.013	   -0.195	   -0.107	   -0.122	   -0.113	   -0.200	   -0.213	    8.780
    0.013	   -0.203	   -0.082	   -0.134	   -0.172	   -0.203	   -0.208	    8.800
    0.012	    0.001	   -0.041	   -0.158	   -0.285	   -0.227	   -0.211	    8.820
    0.013	   -0.207	   -0.123	   -0.127	   -0.136	   -0.199	   -0.206	    8.840
    0.013	    0.001	   -0.031	   -0.138	   -0.328	   -0.254	   -0.220	    8.860
    0.013	   -0.197	   -0.114	   -0.112	   -0.156	   -0.222	   -0.222	    8.880
    0.014	   -0.202	   -0.103	   -0.109	   -0.191	   -0.236	   -0.227	    8.900
    0.013	    0.001	   -0.122	   -0.121	   -0.151	   -0.222	   -0.226	    8.920
    0.013	   -0.202	   -0.110	   -0.116	   -0.200	   -0.237	   -0.229	    8.940
    0.013	   -0.190	   -0.064	   -0.138	   -0.284	   -0.257	   -0.237	    8.960
    0.014	   -0.194	   -0.130	   -0.146	   -0.240	   -0.247	   -0.238	    8.980
    0.013	    0.000	   -0.065	   -0.124	   -0.284	   -0.272	   -0.249	    9.000
    0.013	    0.001	   -0.038	   -0.138	   -0.331	   -0.281	   -0.257	    9.020
    0.013	   -0.194	   -0.130	   -0.110	   -0.159	   -0.245	   -0.252	    9.040
    0.012	   -0.186	   -0.133	   -0.130	   -0.175	   -0.240	   -0.246	    9.060
    0.012	    0.001	   -0.045	   -0.133	   -0.337	   -0.280	   -0.254	    9.080
    0.013	   -0.123	   -0.052	   -0.110	   -0.262	   -0.271	   -0.258	    9.100
    0.013	    0.001	   -0.065	   -0.131	   -0.261	   -0.259	   -0.255	    9.120
    0.013	    0.001	   -0.097	   -0.091	   -0.153	   -0.237	   -0.248	    9.140
    0.013	    0.001	   -0.012	   -0.101	   -0.283	   -0.261	   -0.250	    9.160
    0.013	    0.059	   -0.072	   -0.103	   -0.185	   -0.227	   -0.239	    9.180
    0.013	    0.161	   -0.076	   -0.074	   -0.114	   -0.206	   -0.226	    9.200
    0.013	    0.001	   -0.069	   -0.096	   -0.169	   -0.201	   -0.215	    9.220
    0.014	   -0.182	   -0.007	   -0.090	   -0.265	   -0.226	   -0.215	    9.240
    0.013	    0.002	   -0.045	   -0.077	   -0.146	   -0.193	   -0.206	    9.260
    0.013	   -0.194	   -0.114	   -0.095	   -0.087	   -0.165	   -0.189	    9.280
    0.012	    0.000	   -0.017	   -0.106	   -0.273	   -0.211	   -0.194	    9.300
    0.012	   -0.184	   -0.020	   -0.112	   -0.282	   -0.221	   -0.201	    9.320
    0.013	    0.001	   -0.043	   -0.095	   -0.200	   -0.211	   -0.203	    9.340
    0.013	   -0.201	   -0.109	   -0.096	   -0.112	   -0.186	   -0.197	    9.360
    0.013	   -0.193	   -0.037	   -0.117	   -0.293	   -0.231	   -0.207	    9.380
    0.012	    0.001	   -0.113	   -0.105	   -0.144	   -0.204	   -0.205	    9.400
    0.012	   -0.195	   -0.086	   -0.125	   -0.258	   -0.233	   -0.213	    9.420
    0.013	    0.001	   -0.079	   -0.089	   -0.274	   -0.266	   -0.232	    9.440
    0.013	    0.001	    0.013	   -0.069	   -0.398	   -0.317	   -0.261	    9.460
    0.013	   -0.180	   -0.024	   -0.020	   -0.246	   -0.289	   -0.273	    9.480
    0.013	    0.001	   -0.001	   -0.048	   -0.285	   -0.279	   -0.272	    9.500
    0.013	    0.000	   -0.063	   -0.026	   -0.139	   -0.241	   -0.259	    9.520
    0.014	   -0.117	    0.022	   -0.045	   -0.326	   -0.276	   -0.260	    9.540
    0.013	    0.000	    0.015	   -0.014	   -0.257	   -0.267	   -0.259	    9.560
    0.013	   -0.150	   -0.066	   -0.021	   -0.107	   -0.208	   -0.239	    9.580
    0.013	    0.001	   -0.013	   -0.044	   -0.140	   -0.195	   -0.220	    9.600
    0.013	   -0.062	   -0.094	   -0.067	   -0.005	   -0.126	   -0.185	    9.620
    0.013	   -0.025	   -0.089	   -0.097	   -0.047	   -0.123	   -0.161	    9.640
    0.013	    0.001	   -0.015	   -0.108	   -0.225	   -0.170	   -0.161	    9.660
    0.013	   -0.090	   -0.005	   -0.083	   -0.222	   -0.190	   -0.171	    9.680
    0.012	    0.001	   -0.067	   -0.099	   -0.155	   -0.174	   -0.171	    9.700
    0.013	   -0.033	   -0.029	   -0.081	   -0.177	   -0.190	   -0.179	    9.720
    0.012	    0.001	   -0.073	   -0.072	   -0.081	   -0.169	   -0.178	    9.740
    0.013	    0.001	   -0.002	   -0.096	   -0.174	   -0.186	   -0.179	    9.760
    0.014	    0.001	    0.011	   -0.113	   -0.225	   -0.190	   -0.181	    9.780
    0.014	    0.320	    0.003	   -0.073	   -0.131	   -0.169	   -0.176	    9.800
    0.013	    0.001	    0.041	   -0.079	   -0.192	   -0.172	   -0.172	    9.820
    0.013	    0.001	   -0.031	   -0.038	   -0.052	   -0.143	   -0.163	    9.840
    0.013	    0.332	    0.067	   -0.046	   -0.208	   -0.176	   -0.166	    9.860
    0.013	    0.001	    0.014	   -0.006	   -0.061	   -0.144	   -0.161	    9.880
    0.013	    0.271	    0.005	   -0.019	   -0.020	   -0.112	   -0.143	    9.900
    0.013	    0.001	    0.101	   -0.017	   -0.175	   -0.147	   -0.143	    9.920
    0.012	    0.327	    0.079	    0.013	   -0.063	   -0.117	   -0.134	    9.940
    0.013	    0.362	    0.089	    0.010	   -0.063	   -0.097	   -0.120	    9.960
    0.013	    0.001	    0.096	    0.036	   -0.046	   -0.093	   -0.111	    9.980
    0.013	    0.251	    0.044	    0.033	    0.032	   -0.063	   -0.095	   10.000
