    0.017	   -0.121	   -0.181	   -0.999	    0.161	   -0.089	    0.146	  -10.000
    0.017	    0.006	   -0.216	   -0.714	    0.148	    0.013	    0.074	   -9.980
    0.018	    0.005	   -0.230	   -0.537	    0.147	    0.060	    0.061	   -9.960
    0.020	   -0.027	   -0.224	   -0.435	    0.151	    0.085	    0.065	   -9.940
    0.020	    0.006	   -0.125	   -0.373	    0.145	    0.096	    0.071	   -9.920
    0.021	    0.005	   -0.105	   -0.315	    0.145	    0.102	    0.077	   -9.900
    0.022	    0.334	   -0.096	   -0.280	    0.145	    0.104	    0.082	   -9.880
    0.022	    0.005	   -0.150	   -0.248	    0.146	    0.103	    0.085	   -9.860
    0.022	    0.006	   -0.074	   -0.246	    0.143	    0.103	    0.086	   -9.840
    0.022	   -0.017	   -0.068	   -0.258	    0.151	    0.107	    0.087	   -9.820
    0.023	    0.005	   -0.068	   -0.240	    0.148	    0.108	    0.089	   -9.800
    0.022	   -0.184	   -0.142	   -0.237	    0.152	    0.110	    0.091	   -9.780
    0.022	   -0.184	   -0.136	   -0.233	    0.152	    0.109	    0.092	   -9.760
    0.022	    0.005	   -0.121	   -0.203	    0.147	    0.108	    0.092	   -9.740
    0.021	   -0.201	   -0.080	   -0.207	    0.147	    0.108	    0.092	   -9.720
    0.021	   -0.201	   -0.079	   -0.213	    0.147	    0.110	    0.092	   -9.700
    0.021	   -0.190	   -0.083	   -0.212	    0.147	    0.110	    0.093	   -9.680
    0.020	    0.006	   -0.098	   -0.199	    0.146	    0.109	    0.092	   -9.660
    0.020	    0.003	   -0.127	   -0.166	    0.148	    0.108	    0.092	   -9.640
    0.020	    0.005	   -0.124	   -0.143	    0.154	    0.110	    0.093	   -9.620
    0.020	   -0.193	   -0.130	   -0.138	    0.152	    0.110	    0.093	   -9.600
    0.020	   -0.190	   -0.106	   -0.146	    0.145	    0.108	    0.093	   -9.580
    0.020	   -0.191	   -0.082	   -0.166	    0.144	    0.110	    0.094	   -9.560
    0.020	    0.006	   -0.072	   -0.176	    0.147	    0.112	    0.094	   -9.540
    0.020	    0.005	   -0.062	   -0.181	    0.144	    0.110	    0.094	   -9.520
    0.020	    0.005	   -0.052	   -0.172	    0.146	    0.110	    0.093	   -9.500
    0.020	   -0.150	   -0.051	   -0.155	    0.146	    0.109	    0.092	   -9.480
    0.020	   -0.049	   -0.047	   -0.142	    0.146	    0.108	    0.092	   -9.460
    0.019	    0.005	   -0.048	   -0.129	    0.148	    0.108	    0.092	   -9.440
    0.020	    0.005	   -0.055	   -0.116	    0.149	    0.110	    0.092	   -9.420
    0.000	    0.000	    0.000	    0.000	    0.000	    0.000	    0.000	   -9.400
    0.000	    0.000	    0.000	    0.000	    0.000	    0.000	    0.000	   -9.380
    0.019	   -0.169	   -0.107	   -0.117	    0.147	    0.108	    0.091	   -9.360
    0.020	    0.006	   -0.076	   -0.127	    0.148	    0.108	    0.092	   -9.340
    0.020	   -0.194	   -0.034	   -0.124	    0.142	    0.107	    0.092	   -9.320
    0.019	    0.005	   -0.112	   -0.129	    0.150	    0.108	    0.091	   -9.300
    0.019	   -0.182	   -0.056	   -0.146	    0.147	    0.109	    0.091	   -9.280
    0.020	   -0.195	   -0.107	   -0.139	    0.149	    0.108	    0.092	   -9.260
    0.020	    0.005	   -0.057	   -0.201	    0.148	    0.111	    0.092	   -9.240
    0.020	   -0.205	   -0.136	   -0.163	    0.145	    0.109	    0.093	   -9.220
    0.020	   -0.190	   -0.069	   -0.168	    0.143	    0.107	    0.092	   -9.200
    0.020	   -0.187	   -0.080	   -0.168	    0.143	    0.107	    0.091	   -9.180
    0.020	    0.006	   -0.074	   -0.171	    0.143	    0.110	    0.092	   -9.160
    0.020	    0.005	   -0.060	   -0.164	    0.144	    0.110	    0.092	   -9.140
    0.020	   -0.193	   -0.060	   -0.160	    0.142	    0.109	    0.091	   -9.120
    0.019	   -0.184	   -0.072	   -0.149	    0.143	    0.107	    0.091	   -9.100
    0.020	    0.005	   -0.073	   -0.148	    0.143	    0.107	    0.091	   -9.080
    0.020	    0.005	   -0.054	   -0.150	    0.143	    0.108	    0.092	   -9.060
    0.020	   -0.143	   -0.053	   -0.144	    0.149	    0.110	    0.092	   -9.040
    0.019	    0.131	   -0.024	   -0.138	    0.145	    0.110	    0.093	   -9.020
    0.019	   -0.042	   -0.012	   -0.125	    0.149	    0.110	    0.092	   -9.000
    0.019	    0.006	    0.004	   -0.109	    0.149	    0.111	    0.093	   -8.980
    0.019	   -0.154	    0.013	   -0.089	    0.149	    0.111	    0.093	   -8.960
    0.019	   -0.181	   -0.002	   -0.077	    0.147	    0.110	    0.093	   -8.940
    0.019	    0.005	    0.000	   -0.083	    0.147	    0.110	    0.092	   -8.920
    0.019	   -0.190	   -0.004	   -0.095	    0.151	    0.111	    0.093	   -8.900
    0.019	    0.005	    0.006	   -0.075	    0.149	    0.111	    0.094	   -8.880
    0.019	    0.005	    0.001	   -0.055	    0.152	    0.111	    0.094	   -8.860
    0.019	   -0.193	   -0.011	   -0.045	    0.153	    0.112	    0.094	   -8.840
    0.019	   -0.200	    0.009	   -0.052	    0.151	    0.113	    0.094	   -8.820
    0.018	    0.005	    0.019	   -0.052	    0.152	    0.113	    0.095	   -8.800
    0.019	   -0.186	    0.001	   -0.068	    0.155	    0.115	    0.096	   -8.780
    0.019	   -0.200	   -0.022	   -0.078	    0.156	    0.113	    0.096	   -8.760
    0.019	   -0.187	   -0.020	   -0.081	    0.157	    0.116	    0.097	   -8.740
    0.019	    0.005	    0.023	   -0.068	    0.163	    0.117	    0.097	   -8.720
    0.019	    0.005	    0.122	   -0.024	    0.161	    0.118	    0.099	   -8.700
    0.019	   -0.156	    0.156	    0.038	    0.161	    0.119	    0.101	   -8.680
    0.019	   -0.114	    0.251	    0.082	    0.166	    0.122	    0.102	   -8.660
    0.018	    0.005	    0.293	    0.126	    0.160	    0.125	    0.104	   -8.640
    0.019	    0.004	    0.308	    0.156	    0.164	    0.123	    0.104	   -8.620
    0.019	   -0.100	    0.300	    0.177	    0.167	    0.125	    0.105	   -8.600
    0.019	   -0.169	    0.268	    0.209	    0.175	    0.127	    0.107	   -8.580
    0.019	    0.004	    0.324	    0.240	    0.169	    0.128	    0.109	   -8.560
    0.019	    0.005	    0.318	    0.264	    0.178	    0.132	    0.111	   -8.540
    0.019	   -0.204	    0.317	    0.266	    0.182	    0.134	    0.113	   -8.520
    0.019	   -0.209	    0.335	    0.264	    0.179	    0.137	    0.114	   -8.500
    0.019	    0.005	    0.461	    0.312	    0.185	    0.139	    0.117	   -8.480
    0.019	    0.005	    0.571	    0.378	    0.186	    0.142	    0.120	   -8.460
    0.019	   -0.202	    0.544	    0.416	    0.188	    0.144	    0.122	   -8.440
    0.018	   -0.182	    0.440	    0.393	    0.194	    0.149	    0.125	   -8.420
    0.019	   -0.202	    0.182	    0.318	    0.196	    0.152	    0.128	   -8.400
    0.018	    0.004	    0.079	    0.190	    0.198	    0.154	    0.130	   -8.380
    0.018	   -0.188	    0.025	    0.092	    0.200	    0.155	    0.132	   -8.360
    0.019	   -0.186	   -0.103	   -0.005	    0.204	    0.159	    0.134	   -8.340
    0.019	    0.004	   -0.159	   -0.096	    0.211	    0.162	    0.137	   -8.320
    0.000	    0.000	    0.000	    0.000	    0.000	    0.000	    0.000	   -8.300
    0.000	    0.000	    0.000	    0.000	    0.000	    0.000	    0.000	   -8.280
    0.018	   -0.100	   -0.040	   -0.130	    0.215	    0.162	    0.138	   -8.260
    0.018	   -0.182	    0.056	   -0.070	    0.220	    0.167	    0.142	   -8.240
    0.017	   -0.198	    0.083	    0.002	    0.226	    0.173	    0.146	   -8.220
    0.017	    0.005	    0.043	    0.041	    0.230	    0.179	    0.151	   -8.200
    0.017	    0.005	   -0.074	    0.019	    0.237	    0.184	    0.157	   -8.180
    0.018	   -0.201	    0.003	    0.000	    0.238	    0.187	    0.161	   -8.160
    0.018	   -0.201	    0.164	    0.038	    0.239	    0.190	    0.164	   -8.140
    0.018	    0.003	    0.206	    0.092	    0.247	    0.194	    0.167	   -8.120
    0.019	    0.004	    0.114	    0.122	    0.251	    0.200	    0.171	   -8.100
    0.018	   -0.206	    0.067	    0.093	    0.258	    0.203	    0.175	   -8.080
    0.018	   -0.203	    0.009	    0.057	    0.260	    0.208	    0.179	   -8.060
    0.019	    0.005	    0.150	    0.060	    0.262	    0.210	    0.182	   -8.040
    0.018	   -0.179	    0.387	    0.139	    0.259	    0.216	    0.185	   -8.020
    0.019	    0.005	    0.419	    0.215	    0.264	    0.219	    0.190	   -8.000
    0.018	    0.005	    0.347	    0.254	    0.273	    0.222	    0.193	   -7.980
    0.018	   -0.144	    0.099	    0.216	    0.278	    0.226	    0.197	   -7.960
    0.019	   -0.084	   -0.064	    0.101	    0.290	    0.231	    0.201	   -7.940
    0.019	    0.005	   -0.107	    0.003	    0.287	    0.233	    0.205	   -7.920
    0.018	    0.005	   -0.126	   -0.051	    0.291	    0.236	    0.207	   -7.900
    0.018	   -0.092	   -0.190	   -0.105	    0.296	    0.239	    0.211	   -7.880
    0.018	   -0.171	   -0.236	   -0.184	    0.298	    0.244	    0.213	   -7.860
    0.018	    0.004	   -0.217	   -0.204	    0.304	    0.247	    0.217	   -7.840
    0.018	   -0.187	   -0.296	   -0.214	    0.307	    0.250	    0.220	   -7.820
    0.018	   -0.188	   -0.411	   -0.259	    0.312	    0.254	    0.224	   -7.800
    0.018	    0.004	   -0.495	   -0.326	    0.316	    0.258	    0.227	   -7.780
    0.017	    0.004	   -0.545	   -0.392	    0.317	    0.261	    0.230	   -7.760
    0.018	   -0.201	   -0.564	   -0.440	    0.319	    0.262	    0.233	   -7.740
    0.018	   -0.193	   -0.564	   -0.468	    0.320	    0.265	    0.236	   -7.720
    0.018	   -0.190	   -0.587	   -0.492	    0.318	    0.266	    0.237	   -7.700
    0.018	    0.005	   -0.586	   -0.521	    0.320	    0.269	    0.240	   -7.680
    0.018	   -0.078	   -0.482	   -0.535	    0.318	    0.269	    0.240	   -7.660
    0.018	    0.144	   -0.433	   -0.522	    0.322	    0.270	    0.241	   -7.640
    0.018	   -0.048	   -0.476	   -0.481	    0.321	    0.270	    0.242	   -7.620
    0.018	    0.004	   -0.459	   -0.443	    0.319	    0.269	    0.242	   -7.600
    0.018	    0.003	   -0.437	   -0.416	    0.326	    0.271	    0.244	   -7.580
    0.018	    0.004	   -0.358	   -0.403	    0.318	    0.270	    0.243	   -7.560
    0.018	   -0.197	   -0.329	   -0.403	    0.317	    0.270	    0.243	   -7.540
    0.018	   -0.194	   -0.306	   -0.397	    0.314	    0.269	    0.242	   -7.520
    0.018	   -0.200	   -0.316	   -0.384	    0.310	    0.268	    0.241	   -7.500
    0.018	   -0.202	   -0.361	   -0.350	    0.314	    0.266	    0.240	   -7.480
    0.017	    0.005	   -0.348	   -0.326	    0.309	    0.263	    0.240	   -7.460
    0.018	    0.004	   -0.314	   -0.314	    0.309	    0.262	    0.239	   -7.440
    0.019	   -0.190	   -0.293	   -0.333	    0.301	    0.259	    0.236	   -7.420
    0.018	   -0.146	   -0.305	   -0.301	    0.296	    0.255	    0.233	   -7.400
    0.019	   -0.137	   -0.301	   -0.279	    0.294	    0.251	    0.231	   -7.380
    0.018	    0.004	   -0.250	   -0.270	    0.287	    0.246	    0.227	   -7.360
    0.018	    0.005	   -0.194	   -0.275	    0.281	    0.243	    0.223	   -7.340
    0.018	    0.005	   -0.166	   -0.269	    0.275	    0.240	    0.219	   -7.320
    0.019	    0.004	   -0.165	   -0.250	    0.273	    0.235	    0.215	   -7.300
    0.018	   -0.073	   -0.200	   -0.208	    0.269	    0.230	    0.211	   -7.280
    0.018	   -0.079	   -0.197	   -0.182	    0.263	    0.225	    0.208	   -7.260
    0.018	   -0.097	   -0.174	   -0.176	    0.256	    0.218	    0.203	   -7.240
    0.019	   -0.177	   -0.132	   -0.195	    0.249	    0.214	    0.198	   -7.220
    0.018	    0.004	   -0.112	   -0.205	    0.241	    0.209	    0.193	   -7.200
    0.018	    0.004	   -0.115	   -0.197	    0.235	    0.203	    0.187	   -7.180
    0.018	    0.004	   -0.155	   -0.161	    0.222	    0.193	    0.181	   -7.160
    0.018	    0.004	   -0.151	   -0.139	    0.229	    0.188	    0.176	   -7.140
    0.019	    0.004	   -0.111	   -0.129	    0.214	    0.181	    0.170	   -7.120
    0.019	   -0.187	   -0.078	   -0.147	    0.206	    0.175	    0.164	   -7.100
    0.019	   -0.207	   -0.078	   -0.161	    0.197	    0.170	    0.157	   -7.080
    0.018	   -0.199	   -0.132	   -0.156	    0.179	    0.159	    0.150	   -7.060
    0.018	   -0.187	   -0.163	   -0.138	    0.178	    0.147	    0.142	   -7.040
    0.018	   -0.044	   -0.161	   -0.132	    0.169	    0.140	    0.134	   -7.020
    0.018	    0.005	   -0.103	   -0.139	    0.175	    0.138	    0.128	   -7.000
    0.019	    0.004	   -0.069	   -0.150	    0.137	    0.127	    0.121	   -6.980
    0.018	    0.004	   -0.052	   -0.150	    0.134	    0.119	    0.113	   -6.960
    0.019	    0.005	   -0.063	   -0.134	    0.130	    0.110	    0.105	   -6.940
    0.017	   -0.193	   -0.109	   -0.110	    0.122	    0.100	    0.096	   -6.920
    0.018	   -0.193	   -0.130	   -0.099	    0.116	    0.089	    0.088	   -6.900
    0.018	   -0.196	   -0.133	   -0.105	    0.110	    0.082	    0.080	   -6.880
    0.018	    0.004	   -0.092	   -0.126	    0.088	    0.071	    0.071	   -6.860
    0.018	    0.004	   -0.064	   -0.143	    0.092	    0.069	    0.064	   -6.840
    0.017	    0.004	   -0.045	   -0.143	    0.079	    0.060	    0.056	   -6.820
    0.018	   -0.190	   -0.047	   -0.137	    0.073	    0.052	    0.049	   -6.800
    0.017	   -0.200	   -0.064	   -0.138	    0.064	    0.047	    0.043	   -6.780
    0.017	   -0.200	   -0.128	   -0.121	    0.066	    0.039	    0.037	   -6.760
    0.016	   -0.156	   -0.143	   -0.111	    0.057	    0.033	    0.031	   -6.740
    0.016	    0.004	   -0.130	   -0.110	    0.049	    0.027	    0.026	   -6.720
    0.017	    0.004	   -0.075	   -0.126	    0.041	    0.023	    0.020	   -6.700
    0.017	    0.004	   -0.053	   -0.133	    0.040	    0.018	    0.015	   -6.680
    0.018	   -0.190	   -0.049	   -0.138	    0.031	    0.013	    0.009	   -6.660
    0.017	   -0.200	   -0.047	   -0.136	    0.030	    0.008	    0.005	   -6.640
    0.017	   -0.193	   -0.069	   -0.133	    0.021	    0.003	   -0.001	   -6.620
    0.018	    0.004	   -0.112	   -0.114	    0.021	   -0.001	   -0.004	   -6.600
    0.017	   -0.115	   -0.117	   -0.123	    0.010	   -0.008	   -0.009	   -6.580
    0.017	   -0.099	   -0.127	   -0.105	    0.009	   -0.014	   -0.014	   -6.560
    0.017	    0.004	   -0.125	   -0.100	    0.002	   -0.018	   -0.019	   -6.540
    0.017	    0.004	   -0.081	   -0.106	   -0.004	   -0.024	   -0.023	   -6.520
    0.017	   -0.179	   -0.090	   -0.130	   -0.007	   -0.027	   -0.029	   -6.500
    0.018	    0.004	   -0.110	   -0.102	   -0.007	   -0.031	   -0.032	   -6.480
    0.017	    0.004	   -0.114	   -0.091	   -0.010	   -0.035	   -0.036	   -6.460
    0.017	    0.003	   -0.055	   -0.091	   -0.016	   -0.038	   -0.039	   -6.440
    0.017	    0.005	   -0.026	   -0.105	   -0.021	   -0.042	   -0.044	   -6.420
    0.017	   -0.209	   -0.027	   -0.113	   -0.019	   -0.041	   -0.046	   -6.400
    0.016	   -0.208	   -0.029	   -0.114	   -0.023	   -0.044	   -0.048	   -6.380
    0.018	   -0.196	   -0.096	   -0.106	   -0.023	   -0.048	   -0.050	   -6.360
    0.017	   -0.197	   -0.118	   -0.096	   -0.023	   -0.050	   -0.052	   -6.340
    0.017	    0.003	   -0.119	   -0.089	   -0.018	   -0.051	   -0.054	   -6.320
    0.017	    0.004	   -0.093	   -0.088	   -0.027	   -0.052	   -0.055	   -6.300
    0.017	    0.003	   -0.034	   -0.107	   -0.023	   -0.051	   -0.056	   -6.280
    0.016	    0.004	   -0.018	   -0.113	   -0.029	   -0.052	   -0.058	   -6.260
    0.017	   -0.160	   -0.038	   -0.108	   -0.028	   -0.052	   -0.058	   -6.240
    0.017	   -0.168	   -0.093	   -0.089	   -0.027	   -0.055	   -0.059	   -6.220
    0.016	   -0.185	   -0.113	   -0.079	   -0.023	   -0.055	   -0.059	   -6.200
    0.017	   -0.197	   -0.123	   -0.088	   -0.024	   -0.056	   -0.060	   -6.180
    0.016	   -0.192	   -0.063	   -0.120	   -0.020	   -0.052	   -0.060	   -6.160
    0.017	    0.004	   -0.053	   -0.134	   -0.025	   -0.050	   -0.059	   -6.140
    0.016	    0.003	   -0.043	   -0.130	   -0.023	   -0.050	   -0.059	   -6.120
    0.016	    0.003	   -0.087	   -0.105	   -0.020	   -0.049	   -0.057	   -6.100
    0.016	   -0.196	   -0.102	   -0.087	   -0.018	   -0.048	   -0.056	   -6.080
    0.017	   -0.164	   -0.116	   -0.081	   -0.014	   -0.046	   -0.054	   -6.060
    0.017	   -0.104	   -0.110	   -0.091	   -0.016	   -0.045	   -0.052	   -6.040
    0.016	   -0.123	   -0.060	   -0.115	   -0.007	   -0.040	   -0.050	   -6.020
    0.016	    0.003	   -0.044	   -0.130	   -0.011	   -0.038	   -0.049	   -6.000
    0.016	    0.003	   -0.033	   -0.125	   -0.008	   -0.037	   -0.048	   -5.980
    0.016	    0.003	   -0.070	   -0.103	   -0.003	   -0.035	   -0.045	   -5.960
    0.016	   -0.187	   -0.094	   -0.083	    0.000	   -0.034	   -0.043	   -5.940
    0.016	   -0.192	   -0.099	   -0.072	    0.001	   -0.031	   -0.040	   -5.920
    0.016	   -0.197	   -0.053	   -0.092	    0.003	   -0.027	   -0.039	   -5.900
    0.016	   -0.146	   -0.050	   -0.110	    0.007	   -0.024	   -0.037	   -5.880
    0.016	    0.003	   -0.037	   -0.123	    0.009	   -0.022	   -0.034	   -5.860
    0.016	    0.002	   -0.046	   -0.120	    0.013	   -0.019	   -0.031	   -5.840
    0.016	    0.004	   -0.082	   -0.093	    0.018	   -0.018	   -0.029	   -5.820
    0.016	    0.003	   -0.084	   -0.073	    0.018	   -0.016	   -0.027	   -5.800
    0.016	   -0.187	   -0.092	   -0.065	    0.024	   -0.013	   -0.025	   -5.780
    0.016	   -0.191	   -0.087	   -0.075	    0.024	   -0.010	   -0.022	   -5.760
    0.016	   -0.194	   -0.052	   -0.107	    0.030	   -0.006	   -0.020	   -5.740
    0.016	   -0.200	   -0.053	   -0.128	    0.031	   -0.002	   -0.017	   -5.720
    0.016	    0.004	   -0.054	   -0.130	    0.033	    0.001	   -0.014	   -5.700
    0.016	    0.003	   -0.093	   -0.105	    0.038	    0.003	   -0.011	   -5.680
    0.016	    0.003	   -0.094	   -0.085	    0.043	    0.005	   -0.008	   -5.660
    0.016	    0.003	   -0.079	   -0.071	    0.046	    0.008	   -0.005	   -5.640
    0.016	    0.028	   -0.021	   -0.087	    0.051	    0.013	   -0.003	   -5.620
    0.016	    0.135	   -0.001	   -0.092	    0.054	    0.016	    0.001	   -5.600
    0.016	    0.003	   -0.070	   -0.071	    0.060	    0.019	    0.004	   -5.580
    0.016	   -0.177	   -0.063	   -0.073	    0.062	    0.021	    0.007	   -5.560
    0.017	    0.003	    0.012	   -0.076	    0.060	    0.023	    0.008	   -5.540
    0.016	   -0.195	   -0.081	   -0.059	    0.064	    0.026	    0.011	   -5.520
    0.016	   -0.193	   -0.085	   -0.074	    0.072	    0.031	    0.014	   -5.500
    0.016	   -0.196	   -0.039	   -0.111	    0.071	    0.033	    0.017	   -5.480
    0.015	    0.004	   -0.033	   -0.115	    0.070	    0.037	    0.020	   -5.460
    0.016	    0.003	   -0.039	   -0.118	    0.073	    0.038	    0.022	   -5.440
    0.016	    0.003	   -0.074	   -0.091	    0.075	    0.039	    0.023	   -5.420
    0.016	    0.003	   -0.074	   -0.070	    0.078	    0.041	    0.026	   -5.400
    0.016	   -0.080	   -0.080	   -0.056	    0.083	    0.043	    0.028	   -5.380
    0.016	   -0.135	   -0.058	   -0.060	    0.084	    0.044	    0.030	   -5.360
    0.015	   -0.165	   -0.031	   -0.088	    0.083	    0.047	    0.031	   -5.340
    0.016	   -0.204	   -0.031	   -0.108	    0.086	    0.050	    0.033	   -5.320
    0.016	    0.003	   -0.037	   -0.112	    0.086	    0.051	    0.035	   -5.300
    0.016	    0.003	   -0.087	   -0.094	    0.088	    0.052	    0.036	   -5.280
    0.015	    0.003	   -0.085	   -0.078	    0.092	    0.053	    0.038	   -5.260
    0.016	    0.003	   -0.085	   -0.064	    0.090	    0.053	    0.040	   -5.240
    0.016	   -0.166	   -0.069	   -0.067	    0.091	    0.055	    0.040	   -5.220
    0.016	   -0.123	   -0.037	   -0.091	    0.088	    0.056	    0.041	   -5.200
    0.016	   -0.137	   -0.032	   -0.109	    0.095	    0.060	    0.043	   -5.180
    0.015	    0.003	   -0.023	   -0.112	    0.091	    0.060	    0.044	   -5.160
    0.015	    0.004	   -0.018	   -0.105	    0.096	    0.061	    0.045	   -5.140
    0.016	    0.004	   -0.050	   -0.081	    0.100	    0.062	    0.046	   -5.120
    0.016	   -0.198	   -0.075	   -0.066	    0.102	    0.061	    0.047	   -5.100
    0.016	   -0.184	   -0.099	   -0.062	    0.098	    0.061	    0.047	   -5.080
    0.016	   -0.200	   -0.112	   -0.071	    0.099	    0.060	    0.048	   -5.060
    0.015	   -0.185	   -0.079	   -0.092	    0.101	    0.062	    0.048	   -5.040
    0.016	    0.003	   -0.063	   -0.107	    0.096	    0.062	    0.048	   -5.020
    0.016	    0.003	   -0.046	   -0.113	    0.099	    0.063	    0.049	   -5.000
    0.015	   -0.047	   -0.038	   -0.111	    0.099	    0.064	    0.049	   -4.980
    0.015	    0.003	   -0.101	   -0.102	    0.103	    0.065	    0.050	   -4.960
    0.015	    0.003	   -0.098	   -0.101	    0.101	    0.066	    0.051	   -4.940
    0.016	   -0.198	   -0.103	   -0.100	    0.101	    0.066	    0.052	   -4.920
    0.016	   -0.185	   -0.110	   -0.110	    0.101	    0.066	    0.052	   -4.900
    0.016	    0.002	   -0.039	   -0.111	    0.105	    0.067	    0.052	   -4.880
    0.016	    0.003	   -0.083	   -0.096	    0.102	    0.066	    0.052	   -4.860
    0.015	   -0.191	   -0.091	   -0.103	    0.101	    0.067	    0.052	   -4.840
    0.016	    0.004	   -0.085	   -0.092	    0.107	    0.068	    0.053	   -4.820
    0.016	    0.003	   -0.072	   -0.081	    0.101	    0.067	    0.053	   -4.800
    0.016	   -0.078	   -0.072	   -0.072	    0.103	    0.067	    0.053	   -4.780
    0.015	   -0.120	   -0.056	   -0.077	    0.106	    0.067	    0.053	   -4.760
    0.016	    0.003	    0.000	   -0.076	    0.100	    0.066	    0.052	   -4.740
    0.015	   -0.181	   -0.005	   -0.078	    0.104	    0.068	    0.052	   -4.720
    0.015	   -0.194	   -0.105	   -0.079	    0.102	    0.068	    0.052	   -4.700
    0.016	    0.003	   -0.114	   -0.093	    0.104	    0.068	    0.054	   -4.680
    0.015	   -0.192	   -0.114	   -0.093	    0.103	    0.067	    0.054	   -4.660
    0.016	   -0.189	   -0.120	   -0.093	    0.099	    0.065	    0.053	   -4.640
    0.015	    0.003	   -0.097	   -0.108	    0.101	    0.067	    0.053	   -4.620
    0.016	   -0.190	   -0.025	   -0.108	    0.098	    0.064	    0.052	   -4.600
    0.016	   -0.184	   -0.041	   -0.113	    0.102	    0.067	    0.051	   -4.580
    0.016	    0.003	   -0.041	   -0.117	    0.100	    0.067	    0.052	   -4.560
    0.015	   -0.169	   -0.046	   -0.117	    0.099	    0.067	    0.052	   -4.540
    0.015	   -0.171	   -0.061	   -0.121	    0.102	    0.068	    0.053	   -4.520
    0.015	    0.002	   -0.054	   -0.126	    0.098	    0.066	    0.052	   -4.500
    0.015	    0.002	   -0.052	   -0.117	    0.093	    0.063	    0.051	   -4.480
    0.016	   -0.200	   -0.120	   -0.112	    0.099	    0.063	    0.051	   -4.460
    0.016	    0.002	   -0.123	   -0.116	    0.099	    0.063	    0.050	   -4.440
    0.016	    0.003	   -0.122	   -0.115	    0.097	    0.063	    0.050	   -4.420
    0.015	   -0.195	   -0.119	   -0.107	    0.100	    0.062	    0.049	   -4.400
    0.000	    0.000	    0.000	    0.000	    0.000	    0.000	    0.000	   -4.380
    0.000	    0.000	    0.000	    0.000	    0.000	    0.000	    0.000	   -4.360
    0.016	    0.020	   -0.038	   -0.138	    0.097	    0.062	    0.049	   -4.340
    0.015	    0.002	   -0.029	   -0.124	    0.097	    0.062	    0.048	   -4.320
    0.015	   -0.164	   -0.101	   -0.107	    0.098	    0.061	    0.048	   -4.300
    0.014	   -0.183	   -0.111	   -0.108	    0.098	    0.061	    0.049	   -4.280
    0.015	    0.002	   -0.109	   -0.103	    0.093	    0.060	    0.048	   -4.260
    0.016	    0.003	   -0.095	   -0.092	    0.096	    0.059	    0.047	   -4.240
    0.016	   -0.194	   -0.095	   -0.083	    0.096	    0.058	    0.046	   -4.220
    0.016	   -0.200	   -0.106	   -0.082	    0.097	    0.058	    0.046	   -4.200
    0.015	    0.003	   -0.099	   -0.084	    0.097	    0.058	    0.046	   -4.180
    0.015	   -0.197	   -0.047	   -0.096	    0.093	    0.059	    0.045	   -4.160
    0.015	    0.003	   -0.014	   -0.089	    0.093	    0.059	    0.045	   -4.140
    0.015	    0.003	   -0.018	   -0.097	    0.092	    0.060	    0.045	   -4.120
    0.015	    0.002	   -0.011	   -0.099	    0.092	    0.059	    0.045	   -4.100
    0.016	   -0.136	   -0.019	   -0.096	    0.089	    0.058	    0.044	   -4.080
    0.000	    0.000	    0.000	    0.000	    0.000	    0.000	    0.000	   -4.060
    0.000	    0.000	    0.000	    0.000	    0.000	    0.000	    0.000	   -4.040
    0.016	    0.002	   -0.009	   -0.102	    0.092	    0.057	    0.043	   -4.020
    0.015	   -0.201	   -0.018	   -0.101	    0.088	    0.058	    0.043	   -4.000
    0.015	   -0.190	   -0.068	   -0.096	    0.089	    0.057	    0.043	   -3.980
    0.015	   -0.186	   -0.106	   -0.090	    0.094	    0.056	    0.043	   -3.960
    0.015	    0.002	   -0.094	   -0.096	    0.088	    0.056	    0.043	   -3.940
    0.015	   -0.171	   -0.069	   -0.097	    0.089	    0.056	    0.043	   -3.920
    0.015	   -0.121	   -0.092	   -0.088	    0.089	    0.055	    0.043	   -3.900
    0.016	   -0.158	   -0.098	   -0.092	    0.092	    0.054	    0.042	   -3.880
    0.015	    0.003	   -0.093	   -0.096	    0.094	    0.056	    0.042	   -3.860
    0.015	   -0.175	   -0.030	   -0.100	    0.090	    0.055	    0.041	   -3.840
    0.016	    0.003	   -0.044	   -0.097	    0.085	    0.054	    0.041	   -3.820
    0.015	   -0.201	   -0.125	   -0.118	    0.088	    0.054	    0.041	   -3.800
    0.014	   -0.209	   -0.098	   -0.127	    0.083	    0.051	    0.041	   -3.780
    0.015	   -0.195	   -0.124	   -0.129	    0.088	    0.052	    0.040	   -3.760
    0.015	   -0.197	   -0.145	   -0.151	    0.083	    0.051	    0.040	   -3.740
    0.015	    0.002	   -0.115	   -0.146	    0.083	    0.050	    0.039	   -3.720
    0.015	   -0.081	   -0.037	   -0.133	    0.081	    0.049	    0.037	   -3.700
    0.015	    0.003	   -0.040	   -0.123	    0.081	    0.049	    0.036	   -3.680
    0.015	    0.003	   -0.037	   -0.118	    0.079	    0.048	    0.036	   -3.660
    0.015	   -0.134	   -0.035	   -0.118	    0.080	    0.050	    0.036	   -3.640
    0.014	   -0.185	   -0.050	   -0.118	    0.080	    0.048	    0.035	   -3.620
    0.014	    0.002	   -0.048	   -0.121	    0.083	    0.048	    0.035	   -3.600
    0.014	    0.002	   -0.086	   -0.110	    0.081	    0.047	    0.035	   -3.580
    0.014	   -0.192	   -0.120	   -0.113	    0.079	    0.046	    0.034	   -3.560
    0.014	    0.002	   -0.110	   -0.101	    0.083	    0.048	    0.035	   -3.540
    0.014	    0.003	   -0.093	   -0.092	    0.081	    0.047	    0.035	   -3.520
    0.015	   -0.167	   -0.089	   -0.085	    0.080	    0.045	    0.034	   -3.500
    0.000	    0.000	    0.000	    0.000	    0.000	    0.000	    0.000	   -3.480
    0.014	   -0.070	   -0.012	   -0.106	    0.077	    0.043	    0.033	   -3.460
    0.014	    0.002	   -0.013	   -0.102	    0.075	    0.045	    0.032	   -3.440
    0.015	   -0.199	   -0.052	   -0.091	    0.077	    0.045	    0.032	   -3.420
    0.015	    0.002	   -0.108	   -0.095	    0.079	    0.044	    0.032	   -3.400
    0.014	    0.002	   -0.102	   -0.092	    0.076	    0.042	    0.031	   -3.380
    0.015	   -0.189	   -0.110	   -0.099	    0.079	    0.044	    0.032	   -3.360
    0.015	   -0.193	   -0.117	   -0.098	    0.081	    0.044	    0.032	   -3.340
    0.015	    0.002	   -0.110	   -0.095	    0.079	    0.043	    0.032	   -3.320
    0.016	    0.002	   -0.098	   -0.085	    0.083	    0.043	    0.032	   -3.300
    0.015	   -0.140	   -0.095	   -0.080	    0.081	    0.045	    0.032	   -3.280
    0.015	    0.003	   -0.048	   -0.093	    0.083	    0.047	    0.033	   -3.260
    0.015	   -0.194	   -0.013	   -0.086	    0.079	    0.045	    0.032	   -3.240
    0.014	   -0.197	   -0.027	   -0.088	    0.081	    0.048	    0.033	   -3.220
    0.014	    0.003	   -0.035	   -0.093	    0.081	    0.049	    0.034	   -3.200
    0.000	    0.000	    0.000	    0.000	    0.000	    0.000	    0.000	   -3.180
    0.000	    0.000	    0.000	    0.000	    0.000	    0.000	    0.000	   -3.160
    0.015	   -0.193	   -0.029	   -0.124	    0.079	    0.049	    0.034	   -3.140
    0.014	   -0.199	   -0.045	   -0.121	    0.087	    0.052	    0.036	   -3.120
    0.014	    0.003	   -0.037	   -0.126	    0.084	    0.053	    0.037	   -3.100
    0.014	    0.156	   -0.056	   -0.102	    0.085	    0.052	    0.038	   -3.080
    0.014	   -0.102	   -0.081	   -0.095	    0.091	    0.053	    0.039	   -3.060
    0.015	    0.002	   -0.049	   -0.096	    0.094	    0.054	    0.039	   -3.040
    0.014	    0.001	   -0.009	   -0.098	    0.093	    0.056	    0.041	   -3.020
    0.014	    0.002	    0.005	   -0.096	    0.093	    0.060	    0.042	   -3.000
    0.014	   -0.193	    0.003	   -0.092	    0.101	    0.061	    0.044	   -2.980
    0.014	   -0.194	   -0.012	   -0.095	    0.105	    0.066	    0.047	   -2.960
    0.014	    0.002	   -0.029	   -0.088	    0.108	    0.067	    0.049	   -2.940
    0.014	    0.002	   -0.072	   -0.070	    0.109	    0.068	    0.051	   -2.920
    0.014	    0.002	   -0.067	   -0.060	    0.116	    0.071	    0.054	   -2.900
    0.014	   -0.148	    0.005	   -0.070	    0.119	    0.074	    0.056	   -2.880
    0.014	    0.001	    0.001	   -0.079	    0.119	    0.078	    0.058	   -2.860
    0.014	    0.002	   -0.031	   -0.075	    0.128	    0.084	    0.062	   -2.840
    0.015	   -0.187	   -0.020	   -0.068	    0.132	    0.086	    0.066	   -2.820
    0.014	   -0.189	   -0.035	   -0.061	    0.134	    0.089	    0.068	   -2.800
    0.015	    0.002	   -0.009	   -0.064	    0.138	    0.094	    0.072	   -2.780
    0.014	    0.002	   -0.034	   -0.062	    0.146	    0.098	    0.076	   -2.760
    0.015	    0.002	   -0.036	   -0.059	    0.155	    0.103	    0.080	   -2.740
    0.015	   -0.189	   -0.008	   -0.061	    0.154	    0.109	    0.084	   -2.720
    0.014	    0.002	   -0.065	   -0.067	    0.158	    0.113	    0.089	   -2.700
    0.013	   -0.178	   -0.088	   -0.085	    0.164	    0.117	    0.093	   -2.680
    0.015	    0.002	   -0.108	   -0.112	    0.172	    0.122	    0.099	   -2.660
    0.015	   -0.187	   -0.080	   -0.133	    0.177	    0.128	    0.103	   -2.640
    0.014	    0.002	   -0.080	   -0.102	    0.179	    0.134	    0.108	   -2.620
    0.014	   -0.197	   -0.060	   -0.109	    0.196	    0.141	    0.113	   -2.600
    0.000	    0.000	    0.000	    0.000	    0.000	    0.000	    0.000	   -2.580
    0.000	    0.000	    0.000	    0.000	    0.000	    0.000	    0.000	   -2.560
    0.014	    0.002	   -0.111	   -0.122	    0.218	    0.151	    0.119	   -2.540
    0.014	    0.049	   -0.101	   -0.112	    0.223	    0.163	    0.129	   -2.520
    0.015	    0.001	   -0.081	   -0.093	    0.230	    0.175	    0.139	   -2.500
    0.015	    0.002	   -0.057	   -0.071	    0.241	    0.185	    0.150	   -2.480
    0.014	   -0.157	   -0.056	   -0.060	    0.253	    0.195	    0.159	   -2.460
    0.014	   -0.190	   -0.060	   -0.064	    0.262	    0.201	    0.167	   -2.440
    0.014	    0.002	   -0.038	   -0.066	    0.264	    0.209	    0.174	   -2.420
    0.014	   -0.202	    0.002	   -0.065	    0.279	    0.216	    0.181	   -2.400
    0.014	    0.002	   -0.015	   -0.070	    0.290	    0.227	    0.189	   -2.380
    0.014	    0.002	   -0.037	   -0.072	    0.302	    0.233	    0.197	   -2.360
    0.014	   -0.087	   -0.067	   -0.077	    0.315	    0.246	    0.206	   -2.340
    0.015	    0.002	   -0.085	   -0.082	    0.330	    0.259	    0.216	   -2.320
    0.014	    0.002	   -0.086	   -0.083	    0.337	    0.270	    0.228	   -2.300
    0.015	   -0.195	   -0.076	   -0.081	    0.349	    0.280	    0.238	   -2.280
    0.015	    0.002	   -0.001	   -0.085	    0.360	    0.292	    0.248	   -2.260
    0.015	   -0.190	   -0.008	   -0.066	    0.374	    0.302	    0.257	   -2.240
    0.015	   -0.193	   -0.028	   -0.078	    0.384	    0.313	    0.268	   -2.220
    0.015	    0.002	   -0.037	   -0.085	    0.396	    0.324	    0.278	   -2.200
    0.015	   -0.199	   -0.092	   -0.090	    0.410	    0.335	    0.288	   -2.180
    0.016	   -0.199	   -0.111	   -0.099	    0.418	    0.348	    0.299	   -2.160
    0.016	    0.002	   -0.110	   -0.103	    0.432	    0.357	    0.310	   -2.140
    0.015	   -0.161	   -0.097	   -0.108	    0.441	    0.367	    0.319	   -2.120
    0.015	   -0.168	   -0.047	   -0.103	    0.454	    0.379	    0.329	   -2.100
    0.016	    0.002	   -0.019	   -0.082	    0.466	    0.391	    0.339	   -2.080
    0.016	   -0.202	   -0.049	   -0.084	    0.477	    0.403	    0.350	   -2.060
    0.016	    0.002	   -0.085	   -0.091	    0.488	    0.412	    0.360	   -2.040
    0.016	    0.001	   -0.101	   -0.096	    0.499	    0.421	    0.370	   -2.020
    0.016	    0.002	   -0.039	   -0.094	    0.511	    0.429	    0.379	   -2.000
    0.016	   -0.192	   -0.061	   -0.092	    0.517	    0.439	    0.388	   -1.980
    0.016	    0.001	   -0.096	   -0.098	    0.524	    0.446	    0.396	   -1.960
    0.017	    0.002	   -0.065	   -0.094	    0.531	    0.454	    0.404	   -1.940
    0.017	   -0.075	   -0.063	   -0.076	    0.536	    0.463	    0.411	   -1.920
    0.017	   -0.171	   -0.074	   -0.064	    0.547	    0.468	    0.417	   -1.900
    0.017	    0.002	   -0.078	   -0.056	    0.545	    0.472	    0.424	   -1.880
    0.017	    0.001	   -0.082	   -0.056	    0.543	    0.475	    0.428	   -1.860
    0.016	    0.002	   -0.042	   -0.064	    0.543	    0.477	    0.432	   -1.840
    0.017	   -0.178	   -0.033	   -0.077	    0.540	    0.481	    0.435	   -1.820
    0.016	   -0.078	   -0.028	   -0.088	    0.532	    0.479	    0.437	   -1.800
    0.016	   -0.155	   -0.027	   -0.099	    0.533	    0.475	    0.435	   -1.780
    0.017	    0.001	   -0.015	   -0.107	    0.528	    0.473	    0.434	   -1.760
    0.016	    0.001	   -0.008	   -0.100	    0.519	    0.465	    0.430	   -1.740
    0.016	    0.002	   -0.034	   -0.081	    0.515	    0.462	    0.426	   -1.720
    0.016	   -0.186	   -0.019	   -0.071	    0.503	    0.456	    0.422	   -1.700
    0.016	   -0.203	   -0.074	   -0.061	    0.500	    0.450	    0.417	   -1.680
    0.016	    0.002	   -0.081	   -0.062	    0.485	    0.439	    0.411	   -1.660
    0.016	    0.001	   -0.082	   -0.052	    0.473	    0.428	    0.403	   -1.640
    0.015	    0.002	   -0.078	   -0.052	    0.461	    0.416	    0.394	   -1.620
    0.015	   -0.192	   -0.059	   -0.061	    0.440	    0.403	    0.383	   -1.600
    0.016	   -0.203	   -0.073	   -0.083	    0.424	    0.392	    0.373	   -1.580
    0.015	   -0.178	   -0.048	   -0.108	    0.412	    0.379	    0.362	   -1.560
    0.015	    0.002	   -0.039	   -0.117	    0.392	    0.364	    0.349	   -1.540
    0.015	    0.001	   -0.023	   -0.117	    0.374	    0.350	    0.336	   -1.520
    0.014	    0.001	   -0.028	   -0.095	    0.361	    0.334	    0.322	   -1.500
    0.015	   -0.198	   -0.076	   -0.071	    0.345	    0.318	    0.308	   -1.480
    0.015	   -0.191	   -0.084	   -0.065	    0.320	    0.301	    0.294	   -1.460
    0.014	   -0.201	   -0.105	   -0.064	    0.303	    0.282	    0.279	   -1.440
    0.013	    0.002	   -0.105	   -0.071	    0.286	    0.266	    0.263	   -1.420
    0.013	    0.000	   -0.095	   -0.077	    0.264	    0.249	    0.247	   -1.400
    0.014	    0.001	   -0.066	   -0.084	    0.243	    0.231	    0.231	   -1.380
    0.014	   -0.120	   -0.028	   -0.098	    0.226	    0.213	    0.215	   -1.360
    0.014	   -0.180	   -0.033	   -0.107	    0.204	    0.193	    0.197	   -1.340
    0.014	   -0.196	   -0.034	   -0.118	    0.178	    0.173	    0.178	   -1.320
    0.014	    0.002	   -0.031	   -0.117	    0.148	    0.149	    0.158	   -1.300
    0.014	    0.001	   -0.059	   -0.099	    0.130	    0.126	    0.138	   -1.280
    0.014	   -0.131	   -0.079	   -0.082	    0.099	    0.102	    0.117	   -1.260
    0.013	   -0.155	   -0.090	   -0.068	    0.089	    0.081	    0.096	   -1.240
    0.014	   -0.185	   -0.105	   -0.071	    0.065	    0.060	    0.076	   -1.220
    0.013	    0.002	   -0.105	   -0.073	    0.032	    0.036	    0.056	   -1.200
    0.013	    0.002	   -0.111	   -0.084	    0.011	    0.015	    0.036	   -1.180
    0.014	   -0.211	   -0.114	   -0.087	   -0.006	   -0.005	    0.016	   -1.160
    0.014	   -0.204	   -0.115	   -0.091	   -0.030	   -0.023	   -0.003	   -1.140
    0.013	   -0.211	   -0.107	   -0.103	   -0.042	   -0.039	   -0.020	   -1.120
    0.014	    0.001	   -0.068	   -0.118	   -0.052	   -0.053	   -0.036	   -1.100
    0.013	    0.001	   -0.038	   -0.122	   -0.065	   -0.067	   -0.051	   -1.080
    0.014	    0.001	   -0.021	   -0.119	   -0.080	   -0.080	   -0.065	   -1.060
    0.013	   -0.198	   -0.023	   -0.114	   -0.096	   -0.093	   -0.078	   -1.040
    0.014	   -0.195	   -0.044	   -0.106	   -0.103	   -0.105	   -0.091	   -1.020
    0.013	   -0.158	   -0.100	   -0.091	   -0.111	   -0.117	   -0.102	   -1.000
    0.014	    0.002	   -0.102	   -0.085	   -0.124	   -0.128	   -0.112	   -0.980
    0.014	    0.002	   -0.097	   -0.074	   -0.133	   -0.139	   -0.123	   -0.960
    0.014	   -0.185	   -0.097	   -0.080	   -0.139	   -0.147	   -0.132	   -0.940
    0.014	   -0.193	   -0.115	   -0.077	   -0.142	   -0.155	   -0.140	   -0.920
    0.014	   -0.174	   -0.124	   -0.091	   -0.153	   -0.161	   -0.148	   -0.900
    0.013	    0.001	   -0.080	   -0.105	   -0.159	   -0.166	   -0.155	   -0.880
    0.013	    0.002	   -0.062	   -0.110	   -0.164	   -0.170	   -0.161	   -0.860
    0.014	    0.002	   -0.032	   -0.117	   -0.163	   -0.174	   -0.165	   -0.840
    0.014	   -0.176	   -0.031	   -0.118	   -0.167	   -0.177	   -0.169	   -0.820
    0.013	   -0.204	   -0.037	   -0.123	   -0.169	   -0.180	   -0.174	   -0.800
    0.013	    0.001	   -0.036	   -0.121	   -0.170	   -0.184	   -0.177	   -0.780
    0.013	    0.000	   -0.066	   -0.104	   -0.164	   -0.183	   -0.179	   -0.760
    0.013	    0.001	   -0.072	   -0.083	   -0.161	   -0.182	   -0.179	   -0.740
    0.013	   -0.184	   -0.082	   -0.067	   -0.158	   -0.182	   -0.179	   -0.720
    0.013	   -0.209	   -0.087	   -0.062	   -0.159	   -0.181	   -0.179	   -0.700
    0.013	   -0.199	   -0.098	   -0.066	   -0.154	   -0.179	   -0.178	   -0.680
    0.013	    0.002	   -0.085	   -0.077	   -0.150	   -0.176	   -0.176	   -0.660
    0.014	    0.001	   -0.022	   -0.088	   -0.146	   -0.172	   -0.174	   -0.640
    0.013	    0.001	   -0.005	   -0.089	   -0.144	   -0.170	   -0.172	   -0.620
    0.013	   -0.200	   -0.002	   -0.094	   -0.143	   -0.164	   -0.169	   -0.600
    0.013	   -0.194	   -0.019	   -0.099	   -0.130	   -0.159	   -0.165	   -0.580
    0.013	   -0.197	   -0.053	   -0.099	   -0.127	   -0.156	   -0.161	   -0.560
    0.013	    0.000	   -0.057	   -0.084	   -0.117	   -0.150	   -0.157	   -0.540
    0.013	    0.001	   -0.047	   -0.051	   -0.114	   -0.146	   -0.152	   -0.520
    0.012	    0.001	   -0.026	   -0.031	   -0.103	   -0.139	   -0.146	   -0.500
    0.012	   -0.158	   -0.001	   -0.018	   -0.091	   -0.130	   -0.140	   -0.480
    0.012	   -0.185	    0.036	   -0.021	   -0.093	   -0.125	   -0.135	   -0.460
    0.013	   -0.168	    0.080	   -0.020	   -0.093	   -0.121	   -0.130	   -0.440
    0.013	    0.002	    0.096	   -0.011	   -0.079	   -0.115	   -0.125	   -0.420
    0.013	    0.001	    0.136	    0.001	   -0.073	   -0.106	   -0.119	   -0.400
    0.013	    0.001	    0.188	    0.038	   -0.067	   -0.100	   -0.113	   -0.380
    0.013	   -0.089	    0.270	    0.097	   -0.061	   -0.089	   -0.107	   -0.360
    0.013	    0.345	    0.414	    0.190	   -0.056	   -0.085	   -0.100	   -0.340
    0.012	    0.001	    0.858	    0.378	   -0.043	   -0.082	   -0.094	   -0.320
    0.013	    0.001	    1.077	    0.636	   -0.026	   -0.071	   -0.087	   -0.300
    0.013	    0.001	    1.176	    0.844	   -0.020	   -0.061	   -0.078	   -0.280
    0.013	   -0.190	    1.207	    0.975	    0.001	   -0.044	   -0.066	   -0.260
    0.013	   -0.196	    1.063	    1.012	    0.020	   -0.028	   -0.053	   -0.240
    0.013	   -0.194	    0.869	    0.933	    0.047	   -0.012	   -0.040	   -0.220
    0.013	    0.000	    0.807	    0.817	    0.055	    0.003	   -0.027	   -0.200
    0.013	    0.001	    0.682	    0.724	    0.069	    0.015	   -0.015	   -0.180
    0.012	    0.001	    0.314	    0.530	    0.081	    0.028	   -0.002	   -0.160
    0.013	   -0.201	    0.564	    0.430	    0.083	    0.035	    0.007	   -0.140
    0.013	   -0.201	    0.478	    0.431	    0.082	    0.042	    0.016	   -0.120
    0.013	    0.001	    0.133	    0.332	    0.090	    0.048	    0.024	   -0.100
    0.013	    0.001	   -0.169	    0.153	    0.094	    0.052	    0.030	   -0.080
    0.012	    0.001	   -0.432	   -0.054	    0.100	    0.054	    0.034	   -0.060
    0.013	   -0.193	   -0.549	   -0.246	    0.100	    0.057	    0.038	   -0.040
    0.013	   -0.203	   -0.662	   -0.384	    0.104	    0.058	    0.041	   -0.020
    0.012	   -0.211	   -0.650	   -0.483	    0.100	    0.060	    0.043	    0.000
    0.013	    0.001	   -0.533	   -0.511	    0.097	    0.059	    0.044	    0.020
    0.013	    0.001	   -0.437	   -0.507	    0.096	    0.062	    0.045	    0.040
    0.013	    0.001	   -0.478	   -0.503	    0.104	    0.067	    0.048	    0.060
    0.011	   -0.174	   -0.491	   -0.519	    0.107	    0.067	    0.049	    0.080
    0.012	   -0.181	   -0.484	   -0.528	    0.109	    0.069	    0.052	    0.100
    0.012	    0.001	   -0.467	   -0.522	    0.110	    0.071	    0.053	    0.120
    0.012	    0.001	   -0.451	   -0.497	    0.113	    0.075	    0.056	    0.140
    0.012	    0.001	   -0.410	   -0.460	    0.117	    0.074	    0.056	    0.160
    0.012	    0.139	   -0.359	   -0.410	    0.114	    0.076	    0.059	    0.180
    0.012	    0.423	   -0.298	   -0.351	    0.122	    0.082	    0.062	    0.200
    0.012	    0.001	   -0.304	   -0.306	    0.117	    0.082	    0.065	    0.220
    0.012	    0.001	   -0.320	   -0.289	    0.124	    0.083	    0.066	    0.240
    0.013	   -0.171	   -0.333	   -0.288	    0.121	    0.082	    0.067	    0.260
    0.013	   -0.190	   -0.353	   -0.291	    0.126	    0.084	    0.068	    0.280
    0.013	   -0.144	   -0.374	   -0.307	    0.123	    0.085	    0.069	    0.300
    0.013	    0.001	   -0.363	   -0.316	    0.122	    0.086	    0.070	    0.320
    0.012	    0.001	   -0.321	   -0.323	    0.120	    0.083	    0.070	    0.340
    0.013	    0.001	   -0.271	   -0.326	    0.120	    0.083	    0.069	    0.360
    0.013	   -0.196	   -0.251	   -0.321	    0.114	    0.082	    0.069	    0.380
    0.013	   -0.191	   -0.245	   -0.321	    0.114	    0.082	    0.067	    0.400
    0.013	    0.000	   -0.213	   -0.313	    0.113	    0.080	    0.066	    0.420
    0.012	   -0.212	   -0.273	   -0.280	    0.110	    0.075	    0.064	    0.440
    0.012	   -0.204	   -0.269	   -0.258	    0.105	    0.071	    0.062	    0.460
    0.013	    0.001	   -0.213	   -0.245	    0.104	    0.071	    0.060	    0.480
    0.012	    0.001	   -0.191	   -0.250	    0.104	    0.071	    0.058	    0.500
    0.013	    0.001	   -0.149	   -0.243	    0.100	    0.069	    0.056	    0.520
    0.013	   -0.203	   -0.112	   -0.228	    0.101	    0.068	    0.054	    0.540
    0.013	    0.002	   -0.061	   -0.184	    0.097	    0.065	    0.053	    0.560
    0.013	    0.001	   -0.042	   -0.140	    0.099	    0.065	    0.052	    0.580
    0.012	   -0.199	   -0.096	   -0.116	    0.096	    0.064	    0.052	    0.600
    0.012	    0.001	   -0.051	   -0.100	    0.096	    0.063	    0.051	    0.620
    0.013	    0.001	    0.004	   -0.053	    0.096	    0.060	    0.050	    0.640
    0.013	   -0.196	   -0.002	   -0.045	    0.096	    0.060	    0.049	    0.660
    0.013	    0.001	    0.012	   -0.047	    0.091	    0.060	    0.047	    0.680
    0.013	    0.001	   -0.017	   -0.067	    0.090	    0.061	    0.047	    0.700
    0.013	   -0.202	   -0.072	   -0.097	    0.096	    0.062	    0.047	    0.720
    0.012	   -0.194	   -0.111	   -0.132	    0.094	    0.061	    0.047	    0.740
    0.000	    0.000	    0.000	    0.000	    0.000	    0.000	    0.000	    0.760
    0.000	    0.000	    0.000	    0.000	    0.000	    0.000	    0.000	    0.780
    0.012	   -0.210	   -0.229	   -0.167	    0.090	    0.062	    0.047	    0.800
    0.012	   -0.198	   -0.211	   -0.197	    0.096	    0.060	    0.047	    0.820
    0.012	   -0.204	   -0.207	   -0.219	    0.096	    0.059	    0.046	    0.840
    0.012	    0.001	   -0.187	   -0.226	    0.091	    0.058	    0.046	    0.860
    0.011	    0.002	   -0.143	   -0.255	    0.083	    0.057	    0.045	    0.880
    0.012	   -0.195	   -0.208	   -0.219	    0.082	    0.054	    0.043	    0.900
    0.013	    0.001	   -0.216	   -0.215	    0.084	    0.053	    0.043	    0.920
    0.012	    0.001	   -0.197	   -0.201	    0.085	    0.052	    0.041	    0.940
    0.012	   -0.201	   -0.115	   -0.202	    0.085	    0.050	    0.040	    0.960
    0.013	    0.002	   -0.100	   -0.172	    0.079	    0.048	    0.038	    0.980
    0.013	   -0.201	   -0.143	   -0.165	    0.082	    0.046	    0.035	    1.000
    0.012	    0.001	   -0.126	   -0.187	    0.070	    0.038	    0.030	    1.020
    0.013	   -0.193	   -0.105	   -0.165	    0.073	    0.037	    0.027	    1.040
    0.013	   -0.199	   -0.096	   -0.151	    0.075	    0.038	    0.026	    1.060
    0.013	    0.000	   -0.060	   -0.141	    0.071	    0.039	    0.026	    1.080
    0.012	   -0.192	   -0.088	   -0.128	    0.073	    0.039	    0.026	    1.100
    0.013	   -0.000	   -0.146	   -0.140	    0.066	    0.037	    0.026	    1.120
    0.013	   -0.187	   -0.116	   -0.143	    0.084	    0.039	    0.025	    1.140
    0.012	    0.002	   -0.061	   -0.139	    0.069	    0.037	    0.025	    1.160
    0.013	    0.001	   -0.058	   -0.130	    0.060	    0.033	    0.023	    1.180
    0.013	   -0.199	   -0.084	   -0.127	    0.070	    0.034	    0.023	    1.200
    0.013	    0.000	   -0.151	   -0.132	    0.066	    0.035	    0.023	    1.220
    0.012	   -0.201	   -0.132	   -0.148	    0.068	    0.034	    0.023	    1.240
    0.012	    0.000	   -0.060	   -0.141	    0.059	    0.032	    0.022	    1.260
    0.013	   -0.203	   -0.073	   -0.133	    0.071	    0.033	    0.021	    1.280
    0.012	   -0.203	   -0.084	   -0.146	    0.073	    0.035	    0.021	    1.300
    0.013	    0.001	   -0.137	   -0.140	    0.065	    0.034	    0.022	    1.320
    0.012	    0.001	   -0.144	   -0.143	    0.070	    0.034	    0.023	    1.340
    0.012	   -0.207	   -0.137	   -0.134	    0.067	    0.034	    0.023	    1.360
    0.013	    0.002	   -0.051	   -0.143	    0.064	    0.033	    0.022	    1.380
    0.013	   -0.193	   -0.098	   -0.119	    0.069	    0.035	    0.022	    1.400
    0.013	    0.002	   -0.142	   -0.127	    0.072	    0.036	    0.023	    1.420
    0.013	   -0.210	   -0.131	   -0.132	    0.074	    0.036	    0.024	    1.440
    0.013	   -0.189	   -0.106	   -0.135	    0.067	    0.036	    0.024	    1.460
    0.012	    0.001	   -0.046	   -0.127	    0.066	    0.036	    0.023	    1.480
    0.013	   -0.202	   -0.045	   -0.121	    0.070	    0.037	    0.023	    1.500
    0.013	    0.001	   -0.083	   -0.112	    0.067	    0.036	    0.023	    1.520
    0.013	   -0.203	   -0.132	   -0.123	    0.072	    0.036	    0.024	    1.540
    0.013	   -0.199	   -0.135	   -0.121	    0.069	    0.034	    0.023	    1.560
    0.013	   -0.201	   -0.064	   -0.135	    0.068	    0.035	    0.023	    1.580
    0.012	   -0.192	   -0.067	   -0.139	    0.075	    0.037	    0.023	    1.600
    0.012	    0.001	   -0.070	   -0.141	    0.068	    0.045	    0.026	    1.620
    0.012	    0.001	   -0.062	   -0.140	    0.070	    0.044	    0.028	    1.640
    0.012	   -0.205	   -0.108	   -0.130	    0.080	    0.044	    0.029	    1.660
    0.012	   -0.187	   -0.079	   -0.149	    0.076	    0.044	    0.030	    1.680
    0.012	    0.001	   -0.135	   -0.140	    0.079	    0.044	    0.031	    1.700
    0.013	   -0.198	   -0.148	   -0.143	    0.073	    0.043	    0.031	    1.720
    0.012	   -0.211	   -0.146	   -0.135	    0.078	    0.043	    0.031	    1.740
    0.012	    0.002	   -0.106	   -0.140	    0.082	    0.045	    0.031	    1.760
    0.013	   -0.201	   -0.055	   -0.130	    0.079	    0.044	    0.031	    1.780
    0.013	    0.001	   -0.069	   -0.107	    0.078	    0.042	    0.031	    1.800
    0.013	   -0.194	   -0.135	   -0.114	    0.084	    0.046	    0.031	    1.820
    0.013	    0.002	   -0.129	   -0.130	    0.083	    0.046	    0.034	    1.840
    0.013	    0.001	   -0.118	   -0.122	    0.079	    0.044	    0.032	    1.860
    0.013	   -0.198	   -0.129	   -0.124	    0.080	    0.042	    0.031	    1.880
    0.013	    0.001	   -0.122	   -0.116	    0.073	    0.042	    0.031	    1.900
    0.013	   -0.203	   -0.051	   -0.126	    0.075	    0.043	    0.031	    1.920
    0.013	    0.001	   -0.044	   -0.104	    0.080	    0.046	    0.031	    1.940
    0.012	   -0.198	   -0.105	   -0.105	    0.077	    0.047	    0.032	    1.960
    0.013	   -0.192	   -0.143	   -0.120	    0.079	    0.048	    0.034	    1.980
    0.012	    0.001	   -0.130	   -0.122	    0.087	    0.049	    0.036	    2.000
    0.013	   -0.215	   -0.115	   -0.123	    0.086	    0.050	    0.036	    2.020
    0.013	   -0.000	   -0.054	   -0.122	    0.082	    0.048	    0.036	    2.040
    0.012	   -0.196	   -0.060	   -0.101	    0.089	    0.050	    0.035	    2.060
    0.013	    0.001	   -0.127	   -0.111	    0.088	    0.052	    0.037	    2.080
    0.012	    0.001	   -0.100	   -0.114	    0.088	    0.050	    0.038	    2.100
    0.013	   -0.200	   -0.035	   -0.112	    0.090	    0.053	    0.038	    2.120
    0.013	    0.002	   -0.050	   -0.109	    0.084	    0.053	    0.038	    2.140
    0.011	   -0.205	   -0.107	   -0.108	    0.091	    0.055	    0.040	    2.160
    0.013	    0.001	   -0.131	   -0.119	    0.096	    0.056	    0.041	    2.180
    0.012	   -0.190	   -0.067	   -0.129	    0.089	    0.055	    0.042	    2.200
    0.013	    0.001	   -0.043	   -0.103	    0.090	    0.054	    0.041	    2.220
    0.012	   -0.207	   -0.113	   -0.102	    0.087	    0.055	    0.041	    2.240
    0.013	   -0.206	   -0.134	   -0.119	    0.098	    0.056	    0.042	    2.260
    0.013	    0.000	   -0.111	   -0.125	    0.091	    0.056	    0.042	    2.280
    0.013	   -0.204	   -0.049	   -0.121	    0.086	    0.057	    0.043	    2.300
    0.012	    0.001	   -0.032	   -0.109	    0.091	    0.056	    0.042	    2.320
    0.012	   -0.196	   -0.122	   -0.096	    0.089	    0.057	    0.043	    2.340
    0.013	    0.000	   -0.059	   -0.116	    0.086	    0.056	    0.043	    2.360
    0.013	   -0.193	   -0.033	   -0.106	    0.084	    0.053	    0.041	    2.380
    0.012	   -0.202	   -0.047	   -0.117	    0.077	    0.051	    0.040	    2.400
    0.012	    0.000	   -0.061	   -0.117	    0.078	    0.050	    0.038	    2.420
    0.013	    0.001	   -0.104	   -0.112	    0.080	    0.048	    0.037	    2.440
    0.013	   -0.205	   -0.135	   -0.121	    0.084	    0.047	    0.036	    2.460
    0.013	    0.001	   -0.078	   -0.135	    0.083	    0.047	    0.035	    2.480
    0.012	   -0.205	   -0.042	   -0.117	    0.084	    0.049	    0.035	    2.500
    0.012	    0.001	   -0.052	   -0.114	    0.086	    0.061	    0.038	    2.520
    0.013	   -0.207	   -0.117	   -0.111	    0.081	    0.055	    0.041	    2.540
    0.012	   -0.196	   -0.117	   -0.118	    0.092	    0.057	    0.042	    2.560
    0.012	    0.000	   -0.129	   -0.125	    0.095	    0.056	    0.043	    2.580
    0.012	   -0.209	   -0.117	   -0.122	    0.089	    0.054	    0.042	    2.600
    0.012	   -0.213	   -0.074	   -0.120	    0.089	    0.062	    0.043	    2.620
    0.013	    0.001	   -0.029	   -0.110	    0.088	    0.060	    0.044	    2.640
    0.012	   -0.201	   -0.030	   -0.107	    0.086	    0.057	    0.044	    2.660
    0.013	    0.000	   -0.112	   -0.096	    0.092	    0.057	    0.044	    2.680
    0.012	   -0.198	   -0.099	   -0.111	    0.089	    0.055	    0.043	    2.700
    0.013	   -0.194	   -0.119	   -0.119	    0.092	    0.054	    0.042	    2.720
    0.012	   -0.196	   -0.114	   -0.130	    0.081	    0.052	    0.041	    2.740
    0.012	    0.000	   -0.082	   -0.120	    0.086	    0.049	    0.039	    2.760
    0.013	   -0.200	   -0.027	   -0.111	    0.085	    0.050	    0.038	    2.780
    0.012	    0.001	   -0.061	   -0.094	    0.089	    0.052	    0.038	    2.800
    0.012	   -0.209	   -0.116	   -0.113	    0.089	    0.053	    0.038	    2.820
    0.012	    0.000	   -0.044	   -0.117	    0.085	    0.052	    0.038	    2.840
    0.012	    0.000	   -0.028	   -0.105	    0.089	    0.052	    0.039	    2.860
    0.012	   -0.204	   -0.052	   -0.100	    0.090	    0.052	    0.038	    2.880
    0.012	    0.001	   -0.115	   -0.104	    0.090	    0.055	    0.040	    2.900
    0.012	    0.000	   -0.119	   -0.110	    0.092	    0.056	    0.041	    2.920
    0.012	    0.001	   -0.021	   -0.121	    0.091	    0.056	    0.042	    2.940
    0.012	   -0.194	   -0.076	   -0.094	    0.090	    0.057	    0.042	    2.960
    0.012	    0.001	   -0.114	   -0.102	    0.090	    0.056	    0.042	    2.980
    0.012	    0.000	   -0.089	   -0.103	    0.091	    0.056	    0.043	    3.000
    0.012	   -0.204	   -0.029	   -0.100	    0.093	    0.056	    0.042	    3.020
    0.012	    0.001	   -0.010	   -0.089	    0.086	    0.055	    0.042	    3.040
    0.012	   -0.201	   -0.029	   -0.092	    0.087	    0.053	    0.040	    3.060
    0.012	    0.001	   -0.111	   -0.089	    0.086	    0.054	    0.041	    3.080
    0.012	   -0.205	   -0.025	   -0.109	    0.084	    0.053	    0.041	    3.100
    0.013	    0.001	   -0.027	   -0.096	    0.089	    0.053	    0.040	    3.120
    0.013	   -0.191	   -0.081	   -0.093	    0.089	    0.053	    0.039	    3.140
    0.013	   -0.205	   -0.120	   -0.103	    0.096	    0.055	    0.040	    3.160
    0.013	    0.001	   -0.108	   -0.106	    0.090	    0.054	    0.041	    3.180
    0.012	   -0.197	   -0.102	   -0.099	    0.089	    0.054	    0.041	    3.200
    0.013	   -0.197	   -0.041	   -0.113	    0.084	    0.055	    0.041	    3.220
    0.012	   -0.189	   -0.139	   -0.110	    0.088	    0.055	    0.041	    3.240
    0.012	    0.001	   -0.108	   -0.131	    0.090	    0.054	    0.041	    3.260
    0.012	    0.001	   -0.042	   -0.125	    0.083	    0.052	    0.041	    3.280
    0.012	   -0.189	   -0.045	   -0.117	    0.087	    0.052	    0.040	    3.300
    0.012	    0.002	   -0.117	   -0.110	    0.093	    0.053	    0.039	    3.320
    0.012	   -0.208	   -0.138	   -0.121	    0.096	    0.055	    0.040	    3.340
    0.012	    0.001	   -0.056	   -0.135	    0.092	    0.056	    0.041	    3.360
    0.012	   -0.192	   -0.087	   -0.104	    0.090	    0.056	    0.042	    3.380
    0.012	    0.000	   -0.105	   -0.114	    0.095	    0.058	    0.043	    3.400
    0.012	    0.001	   -0.118	   -0.118	    0.095	    0.058	    0.044	    3.420
    0.012	   -0.194	   -0.128	   -0.121	    0.101	    0.059	    0.045	    3.440
    0.012	   -0.191	   -0.135	   -0.124	    0.096	    0.060	    0.045	    3.460
    0.012	    0.001	   -0.128	   -0.120	    0.097	    0.060	    0.046	    3.480
    0.012	    0.000	   -0.110	   -0.108	    0.097	    0.061	    0.047	    3.500
    0.013	   -0.195	   -0.108	   -0.097	    0.100	    0.061	    0.048	    3.520
    0.000	    0.000	    0.000	    0.000	    0.000	    0.000	    0.000	    3.540
    0.000	    0.000	    0.000	    0.000	    0.000	    0.000	    0.000	    3.560
    0.000	    0.000	    0.000	    0.000	    0.000	    0.000	    0.000	    3.580
    0.013	    0.000	   -0.103	   -0.117	    0.098	    0.061	    0.047	    3.600
    0.012	    0.001	   -0.097	   -0.105	    0.098	    0.060	    0.047	    3.620
    0.013	   -0.207	   -0.096	   -0.094	    0.088	    0.057	    0.046	    3.640
    0.012	   -0.196	   -0.104	   -0.094	    0.093	    0.057	    0.046	    3.660
    0.012	    0.000	   -0.100	   -0.093	    0.086	    0.054	    0.044	    3.680
    0.012	    0.001	   -0.090	   -0.085	    0.087	    0.055	    0.043	    3.700
    0.013	   -0.203	   -0.094	   -0.081	    0.086	    0.052	    0.042	    3.720
    0.012	   -0.192	   -0.106	   -0.085	    0.081	    0.051	    0.041	    3.740
    0.013	    0.001	   -0.106	   -0.085	    0.083	    0.049	    0.040	    3.760
    0.012	    0.001	   -0.104	   -0.076	    0.085	    0.048	    0.038	    3.780
    0.012	    0.001	   -0.096	   -0.074	    0.083	    0.048	    0.037	    3.800
    0.013	   -0.202	   -0.101	   -0.077	    0.083	    0.047	    0.036	    3.820
    0.012	    0.001	   -0.067	   -0.108	    0.089	    0.050	    0.037	    3.840
    0.013	   -0.001	   -0.072	   -0.091	    0.083	    0.051	    0.037	    3.860
    0.012	   -0.203	   -0.081	   -0.082	    0.084	    0.051	    0.038	    3.880
    0.012	   -0.208	   -0.096	   -0.086	    0.089	    0.052	    0.038	    3.900
    0.012	    0.001	   -0.096	   -0.087	    0.092	    0.054	    0.039	    3.920
    0.012	    0.001	   -0.085	   -0.085	    0.086	    0.053	    0.040	    3.940
    0.012	   -0.191	   -0.088	   -0.084	    0.093	    0.053	    0.040	    3.960
    0.012	   -0.205	   -0.103	   -0.086	    0.091	    0.052	    0.040	    3.980
    0.012	    0.000	   -0.104	   -0.086	    0.091	    0.053	    0.040	    4.000
    0.012	    0.001	   -0.097	   -0.078	    0.094	    0.056	    0.041	    4.020
    0.012	   -0.199	   -0.104	   -0.078	    0.101	    0.056	    0.042	    4.040
    0.012	   -0.197	   -0.115	   -0.085	    0.099	    0.056	    0.043	    4.060
    0.012	    0.000	   -0.114	   -0.089	    0.096	    0.058	    0.044	    4.080
    0.013	    0.001	   -0.103	   -0.082	    0.098	    0.059	    0.045	    4.100
    0.013	   -0.190	   -0.106	   -0.084	    0.101	    0.060	    0.045	    4.120
    0.012	    0.000	   -0.016	   -0.096	    0.100	    0.062	    0.046	    4.140
    0.012	    0.000	   -0.013	   -0.098	    0.100	    0.064	    0.048	    4.160
    0.013	   -0.202	   -0.031	   -0.094	    0.101	    0.065	    0.049	    4.180
    0.012	    0.002	   -0.039	   -0.099	    0.099	    0.067	    0.050	    4.200
    0.012	   -0.206	   -0.107	   -0.104	    0.103	    0.067	    0.052	    4.220
    0.013	   -0.198	   -0.114	   -0.099	    0.105	    0.067	    0.053	    4.240
    0.012	    0.001	   -0.029	   -0.112	    0.103	    0.068	    0.053	    4.260
    0.012	   -0.200	   -0.033	   -0.111	    0.104	    0.068	    0.052	    4.280
    0.012	   -0.193	   -0.045	   -0.119	    0.102	    0.069	    0.053	    4.300
    0.012	    0.001	   -0.043	   -0.125	    0.107	    0.069	    0.053	    4.320
    0.011	    0.001	   -0.032	   -0.121	    0.102	    0.069	    0.054	    4.340
    0.012	   -0.198	   -0.034	   -0.120	    0.112	    0.072	    0.055	    4.360
    0.012	   -0.205	   -0.041	   -0.123	    0.107	    0.073	    0.055	    4.380
    0.013	   -0.000	   -0.033	   -0.123	    0.101	    0.072	    0.056	    4.400
    0.012	    0.000	   -0.022	   -0.115	    0.107	    0.072	    0.057	    4.420
    0.012	   -0.206	   -0.039	   -0.100	    0.105	    0.070	    0.056	    4.440
    0.012	   -0.001	   -0.039	   -0.105	    0.103	    0.071	    0.056	    4.460
    0.012	    0.001	   -0.029	   -0.104	    0.107	    0.072	    0.056	    4.480
    0.012	   -0.199	   -0.034	   -0.105	    0.112	    0.073	    0.057	    4.500
    0.012	   -0.194	   -0.045	   -0.113	    0.105	    0.073	    0.057	    4.520
    0.012	    0.001	   -0.042	   -0.116	    0.109	    0.075	    0.058	    4.540
    0.012	    0.001	   -0.034	   -0.111	    0.107	    0.074	    0.058	    4.560
    0.012	   -0.200	   -0.052	   -0.104	    0.105	    0.070	    0.058	    4.580
    0.012	   -0.207	   -0.055	   -0.111	    0.103	    0.069	    0.057	    4.600
    0.012	    0.001	   -0.050	   -0.114	    0.105	    0.070	    0.056	    4.620
    0.012	    0.000	   -0.039	   -0.110	    0.104	    0.069	    0.056	    4.640
    0.011	   -0.200	   -0.043	   -0.107	    0.102	    0.069	    0.055	    4.660
    0.012	   -0.199	   -0.065	   -0.110	    0.103	    0.069	    0.055	    4.680
    0.013	    0.000	   -0.056	   -0.116	    0.100	    0.070	    0.055	    4.700
    0.012	    0.001	   -0.046	   -0.112	    0.093	    0.067	    0.055	    4.720
    0.013	   -0.205	   -0.045	   -0.111	    0.101	    0.067	    0.054	    4.740
    0.013	   -0.199	   -0.070	   -0.113	    0.104	    0.068	    0.054	    4.760
    0.013	    0.001	   -0.065	   -0.117	    0.105	    0.069	    0.055	    4.780
    0.013	    0.001	   -0.038	   -0.118	    0.104	    0.070	    0.055	    4.800
    0.011	   -0.205	   -0.041	   -0.116	    0.105	    0.070	    0.055	    4.820
    0.013	   -0.199	   -0.051	   -0.121	    0.108	    0.071	    0.055	    4.840
    0.012	    0.002	   -0.051	   -0.120	    0.105	    0.072	    0.056	    4.860
    0.012	    0.000	   -0.040	   -0.115	    0.109	    0.071	    0.056	    4.880
    0.012	   -0.205	   -0.043	   -0.111	    0.108	    0.072	    0.057	    4.900
    0.013	   -0.200	   -0.057	   -0.114	    0.108	    0.072	    0.057	    4.920
    0.012	    0.001	   -0.054	   -0.117	    0.113	    0.073	    0.058	    4.940
    0.012	    0.000	   -0.041	   -0.113	    0.112	    0.074	    0.058	    4.960
    0.012	   -0.191	   -0.043	   -0.111	    0.107	    0.074	    0.059	    4.980
    0.013	   -0.192	   -0.058	   -0.112	    0.110	    0.074	    0.059	    5.000
    0.012	    0.000	   -0.055	   -0.116	    0.108	    0.074	    0.059	    5.020
    0.012	    0.000	   -0.042	   -0.111	    0.111	    0.074	    0.060	    5.040
    0.012	   -0.202	   -0.043	   -0.109	    0.110	    0.074	    0.060	    5.060
    0.013	   -0.200	   -0.058	   -0.110	    0.113	    0.075	    0.060	    5.080
    0.013	   -0.195	   -0.130	   -0.123	    0.117	    0.075	    0.060	    5.100
    0.013	    0.001	   -0.122	   -0.112	    0.112	    0.074	    0.061	    5.120
    0.013	    0.000	   -0.107	   -0.098	    0.112	    0.072	    0.060	    5.140
    0.011	   -0.195	   -0.106	   -0.091	    0.108	    0.073	    0.059	    5.160
    0.013	   -0.198	   -0.115	   -0.090	    0.116	    0.073	    0.060	    5.180
    0.013	    0.000	   -0.114	   -0.088	    0.113	    0.073	    0.059	    5.200
    0.012	    0.001	   -0.105	   -0.086	    0.111	    0.074	    0.060	    5.220
    0.013	   -0.190	   -0.108	   -0.086	    0.117	    0.074	    0.060	    5.240
    0.012	   -0.196	   -0.117	   -0.089	    0.115	    0.075	    0.061	    5.260
    0.012	    0.000	   -0.112	   -0.090	    0.111	    0.074	    0.061	    5.280
    0.013	   -0.206	   -0.111	   -0.089	    0.114	    0.075	    0.061	    5.300
    0.013	    0.002	   -0.022	   -0.097	    0.112	    0.077	    0.061	    5.320
    0.012	    0.001	   -0.020	   -0.099	    0.111	    0.077	    0.061	    5.340
    0.012	   -0.192	   -0.031	   -0.100	    0.114	    0.078	    0.061	    5.360
    0.012	   -0.200	   -0.044	   -0.109	    0.113	    0.078	    0.062	    5.380
    0.012	    0.001	   -0.047	   -0.112	    0.116	    0.078	    0.062	    5.400
    0.013	   -0.190	   -0.089	   -0.109	    0.117	    0.079	    0.063	    5.420
    0.012	   -0.187	   -0.120	   -0.118	    0.114	    0.078	    0.063	    5.440
    0.012	    0.001	   -0.125	   -0.124	    0.122	    0.081	    0.065	    5.460
    0.013	    0.000	   -0.116	   -0.121	    0.119	    0.081	    0.066	    5.480
    0.012	   -0.197	   -0.115	   -0.118	    0.119	    0.080	    0.066	    5.500
    0.013	   -0.204	   -0.131	   -0.122	    0.116	    0.079	    0.066	    5.520
    0.013	    0.001	   -0.125	   -0.119	    0.121	    0.088	    0.067	    5.540
    0.013	   -0.196	   -0.115	   -0.115	    0.120	    0.085	    0.069	    5.560
    0.013	   -0.205	   -0.121	   -0.106	    0.122	    0.083	    0.069	    5.580
    0.012	    0.001	   -0.116	   -0.098	    0.117	    0.082	    0.069	    5.600
    0.013	   -0.196	   -0.069	   -0.107	    0.117	    0.080	    0.067	    5.620
    0.000	    0.000	    0.000	    0.000	    0.000	    0.000	    0.000	    5.640
    0.013	   -0.196	   -0.051	   -0.141	    0.117	    0.081	    0.067	    5.660
    0.013	   -0.198	   -0.047	   -0.134	    0.123	    0.085	    0.067	    5.680
    0.012	    0.001	   -0.046	   -0.132	    0.117	    0.085	    0.068	    5.700
    0.013	    0.001	   -0.033	   -0.127	    0.119	    0.085	    0.067	    5.720
    0.012	   -0.197	   -0.037	   -0.125	    0.120	    0.086	    0.068	    5.740
    0.012	   -0.198	   -0.040	   -0.123	    0.119	    0.086	    0.069	    5.760
    0.013	    0.001	   -0.044	   -0.119	    0.123	    0.086	    0.069	    5.780
    0.012	    0.000	   -0.033	   -0.118	    0.123	    0.085	    0.069	    5.800
    0.012	   -0.199	   -0.040	   -0.114	    0.123	    0.085	    0.069	    5.820
    0.012	   -0.217	   -0.052	   -0.120	    0.118	    0.085	    0.069	    5.840
    0.013	   -0.001	   -0.053	   -0.119	    0.123	    0.085	    0.069	    5.860
    0.012	    0.001	   -0.042	   -0.117	    0.119	    0.085	    0.069	    5.880
    0.013	   -0.191	   -0.048	   -0.113	    0.120	    0.083	    0.068	    5.900
    0.013	    0.001	   -0.113	   -0.113	    0.125	    0.085	    0.069	    5.920
    0.012	   -0.190	   -0.104	   -0.102	    0.124	    0.085	    0.070	    5.940
    0.012	   -0.196	   -0.102	   -0.090	    0.124	    0.084	    0.069	    5.960
    0.012	   -0.000	   -0.095	   -0.090	    0.123	    0.085	    0.070	    5.980
    0.012	    0.000	   -0.086	   -0.079	    0.123	    0.084	    0.069	    6.000
    0.013	   -0.202	   -0.085	   -0.080	    0.124	    0.084	    0.069	    6.020
    0.013	    0.001	   -0.016	   -0.089	    0.124	    0.085	    0.069	    6.040
    0.013	    0.000	   -0.026	   -0.085	    0.120	    0.086	    0.069	    6.060
    0.012	   -0.194	   -0.107	   -0.086	    0.123	    0.085	    0.069	    6.080
    0.012	    0.001	   -0.111	   -0.106	    0.125	    0.085	    0.070	    6.100
    0.013	   -0.197	   -0.073	   -0.110	    0.122	    0.086	    0.070	    6.120
    0.012	    0.001	   -0.057	   -0.092	    0.123	    0.086	    0.070	    6.140
    0.012	   -0.194	   -0.118	   -0.099	    0.117	    0.086	    0.070	    6.160
    0.012	    0.001	   -0.108	   -0.122	    0.121	    0.087	    0.072	    6.180
    0.012	   -0.190	   -0.089	   -0.116	    0.123	    0.086	    0.072	    6.200
    0.012	    0.000	   -0.122	   -0.118	    0.126	    0.085	    0.071	    6.220
    0.013	   -0.185	   -0.111	   -0.117	    0.124	    0.084	    0.071	    6.240
    0.012	    0.001	   -0.032	   -0.114	    0.126	    0.085	    0.070	    6.260
    0.013	   -0.183	   -0.114	   -0.102	    0.127	    0.087	    0.070	    6.280
    0.012	    0.001	   -0.049	   -0.115	    0.124	    0.089	    0.072	    6.300
    0.012	   -0.191	   -0.023	   -0.097	    0.124	    0.088	    0.071	    6.320
    0.013	    0.001	   -0.094	   -0.086	    0.124	    0.087	    0.072	    6.340
    0.012	   -0.200	   -0.114	   -0.101	    0.129	    0.089	    0.072	    6.360
    0.013	    0.001	   -0.083	   -0.109	    0.128	    0.090	    0.073	    6.380
    0.013	   -0.197	   -0.043	   -0.092	    0.121	    0.088	    0.073	    6.400
    0.012	    0.001	   -0.103	   -0.101	    0.125	    0.088	    0.072	    6.420
    0.012	   -0.195	   -0.027	   -0.108	    0.122	    0.087	    0.073	    6.440
    0.012	    0.000	   -0.085	   -0.091	    0.126	    0.088	    0.073	    6.460
    0.000	    0.000	    0.000	    0.000	    0.000	    0.000	    0.000	    6.480
    0.000	    0.000	    0.000	    0.000	    0.000	    0.000	    0.000	    6.500
    0.013	    0.001	   -0.020	   -0.132	    0.121	    0.085	    0.070	    6.520
    0.012	   -0.176	   -0.022	   -0.108	    0.124	    0.088	    0.071	    6.540
    0.012	    0.000	   -0.106	   -0.095	    0.128	    0.089	    0.073	    6.560
    0.012	    0.002	   -0.027	   -0.095	    0.124	    0.089	    0.073	    6.580
    0.013	   -0.182	   -0.092	   -0.096	    0.124	    0.091	    0.074	    6.600
    0.012	    0.001	   -0.014	   -0.099	    0.121	    0.089	    0.074	    6.620
    0.012	   -0.166	   -0.016	   -0.077	    0.122	    0.088	    0.073	    6.640
    0.013	    0.001	   -0.086	   -0.075	    0.128	    0.089	    0.074	    6.660
    0.012	   -0.149	   -0.068	   -0.088	    0.130	    0.089	    0.074	    6.680
    0.012	    0.001	    0.015	   -0.089	    0.126	    0.089	    0.073	    6.700
    0.013	   -0.146	   -0.041	   -0.058	    0.125	    0.089	    0.073	    6.720
    0.013	    0.001	   -0.023	   -0.096	    0.124	    0.089	    0.074	    6.740
    0.000	    0.000	    0.000	    0.000	    0.000	    0.000	    0.000	    6.760
    0.000	    0.000	    0.000	    0.000	    0.000	    0.000	    0.000	    6.780
    0.013	    0.001	   -0.096	   -0.079	    0.131	    0.088	    0.073	    6.800
    0.013	   -0.174	   -0.100	   -0.089	    0.127	    0.087	    0.073	    6.820
    0.013	    0.001	   -0.045	   -0.100	    0.126	    0.086	    0.071	    6.840
    0.012	   -0.190	   -0.012	   -0.089	    0.126	    0.088	    0.071	    6.860
    0.013	   -0.001	   -0.086	   -0.077	    0.128	    0.089	    0.072	    6.880
    0.012	   -0.182	   -0.033	   -0.087	    0.127	    0.090	    0.073	    6.900
    0.012	    0.001	   -0.015	   -0.081	    0.125	    0.090	    0.074	    6.920
    0.013	   -0.178	   -0.036	   -0.089	    0.127	    0.090	    0.073	    6.940
    0.013	   -0.193	   -0.052	   -0.096	    0.133	    0.090	    0.074	    6.960
    0.012	    0.000	   -0.070	   -0.106	    0.126	    0.090	    0.074	    6.980
    0.013	   -0.172	   -0.115	   -0.113	    0.127	    0.089	    0.074	    7.000
    0.012	   -0.168	   -0.139	   -0.123	    0.133	    0.091	    0.075	    7.020
    0.013	    0.002	   -0.125	   -0.137	    0.127	    0.091	    0.075	    7.040
    0.013	   -0.175	   -0.083	   -0.130	    0.126	    0.089	    0.075	    7.060
    0.013	    0.000	   -0.034	   -0.118	    0.125	    0.089	    0.074	    7.080
    0.012	    0.002	   -0.030	   -0.114	    0.121	    0.089	    0.073	    7.100
    0.012	   -0.143	   -0.027	   -0.100	    0.125	    0.089	    0.073	    7.120
    0.012	    0.000	   -0.072	   -0.087	    0.122	    0.089	    0.073	    7.140
    0.013	   -0.000	   -0.087	   -0.087	    0.127	    0.088	    0.073	    7.160
    0.013	   -0.152	   -0.076	   -0.088	    0.127	    0.088	    0.072	    7.180
    0.012	    0.000	   -0.043	   -0.085	    0.123	    0.088	    0.072	    7.200
    0.012	   -0.158	   -0.009	   -0.079	    0.124	    0.087	    0.072	    7.220
    0.013	    0.001	   -0.074	   -0.075	    0.130	    0.089	    0.073	    7.240
    0.013	   -0.148	   -0.105	   -0.095	    0.123	    0.089	    0.074	    7.260
    0.012	    0.001	   -0.042	   -0.103	    0.127	    0.089	    0.074	    7.280
    0.013	   -0.164	   -0.032	   -0.095	    0.121	    0.088	    0.073	    7.300
    0.013	    0.000	   -0.104	   -0.085	    0.132	    0.089	    0.073	    7.320
    0.013	   -0.149	   -0.016	   -0.106	    0.128	    0.088	    0.073	    7.340
    0.012	   -0.165	   -0.084	   -0.126	    0.126	    0.089	    0.072	    7.360
    0.013	    0.001	   -0.099	   -0.100	    0.130	    0.088	    0.073	    7.380
    0.012	   -0.143	   -0.085	   -0.108	    0.128	    0.089	    0.073	    7.400
    0.013	    0.000	   -0.012	   -0.103	    0.124	    0.089	    0.073	    7.420
    0.012	    0.000	   -0.093	   -0.080	    0.126	    0.088	    0.073	    7.440
    0.012	   -0.157	   -0.012	   -0.099	    0.127	    0.090	    0.073	    7.460
    0.013	    0.000	   -0.027	   -0.082	    0.125	    0.089	    0.073	    7.480
    0.013	   -0.152	   -0.107	   -0.084	    0.124	    0.089	    0.074	    7.500
    0.013	    0.000	   -0.067	   -0.100	    0.126	    0.091	    0.075	    7.520
    0.013	   -0.119	   -0.018	   -0.095	    0.125	    0.090	    0.074	    7.540
    0.013	    0.001	   -0.049	   -0.087	    0.127	    0.089	    0.073	    7.560
    0.012	   -0.114	   -0.038	   -0.115	    0.122	    0.089	    0.074	    7.580
    0.000	    0.000	    0.000	    0.000	    0.000	    0.000	    0.000	    7.600
    0.000	    0.000	    0.000	    0.000	    0.000	    0.000	    0.000	    7.620
    0.013	    0.000	   -0.037	   -0.138	    0.125	    0.090	    0.073	    7.640
    0.012	   -0.083	   -0.025	   -0.107	    0.123	    0.088	    0.073	    7.660
    0.013	    0.001	   -0.097	   -0.091	    0.128	    0.088	    0.073	    7.680
    0.013	    0.071	   -0.046	   -0.097	    0.127	    0.089	    0.073	    7.700
    0.013	    0.084	    0.019	   -0.078	    0.118	    0.088	    0.072	    7.720
    0.013	    0.001	   -0.008	   -0.060	    0.125	    0.088	    0.072	    7.740
    0.013	    0.001	   -0.052	   -0.072	    0.122	    0.087	    0.072	    7.760
    0.012	    0.412	    0.036	   -0.049	    0.117	    0.085	    0.071	    7.780
    0.013	    0.001	   -0.021	   -0.029	    0.125	    0.085	    0.070	    7.800
    0.012	    0.428	    0.084	   -0.029	    0.120	    0.086	    0.070	    7.820
    0.013	    0.000	    0.090	    0.002	    0.125	    0.085	    0.069	    7.840
    0.012	    0.211	    0.012	    0.013	    0.125	    0.085	    0.070	    7.860
    0.013	    0.000	    0.017	    0.006	    0.124	    0.086	    0.071	    7.880
    0.000	    0.000	    0.000	    0.000	    0.000	    0.000	    0.000	    7.900
    0.000	    0.000	    0.000	    0.000	    0.000	    0.000	    0.000	    7.920
    0.012	   -0.044	    0.037	   -0.018	    0.127	    0.086	    0.070	    7.940
    0.013	    0.001	    0.085	   -0.007	    0.123	    0.086	    0.070	    7.960
    0.012	   -0.094	    0.012	    0.003	    0.127	    0.087	    0.070	    7.980
    0.012	   -0.001	   -0.015	   -0.018	    0.118	    0.086	    0.070	    8.000
    0.012	   -0.126	    0.056	   -0.027	    0.119	    0.083	    0.070	    8.020
    0.013	    0.000	    0.053	   -0.022	    0.117	    0.082	    0.069	    8.040
    0.013	    0.001	   -0.003	   -0.020	    0.119	    0.083	    0.068	    8.060
    0.012	    0.002	    0.039	   -0.052	    0.113	    0.081	    0.067	    8.080
    0.012	   -0.154	    0.029	   -0.029	    0.122	    0.081	    0.066	    8.100
    0.013	    0.000	   -0.030	   -0.034	    0.117	    0.083	    0.067	    8.120
    0.012	    0.000	   -0.052	   -0.045	    0.117	    0.083	    0.068	    8.140
    0.013	   -0.194	   -0.042	   -0.051	    0.113	    0.082	    0.068	    8.160
    0.012	   -0.202	   -0.040	   -0.063	    0.121	    0.081	    0.067	    8.180
    0.000	    0.000	    0.000	    0.000	    0.000	    0.000	    0.000	    8.200
    0.000	    0.000	    0.000	    0.000	    0.000	    0.000	    0.000	    8.220
    0.012	    0.001	   -0.066	   -0.061	    0.115	    0.079	    0.065	    8.240
    0.012	   -0.184	   -0.055	   -0.069	    0.117	    0.080	    0.065	    8.260
    0.012	    0.001	    0.013	   -0.071	    0.117	    0.082	    0.066	    8.280
    0.012	   -0.195	   -0.076	   -0.052	    0.115	    0.082	    0.067	    8.300
    0.012	    0.000	   -0.061	   -0.083	    0.117	    0.081	    0.066	    8.320
    0.012	    0.001	   -0.069	   -0.081	    0.112	    0.079	    0.066	    8.340
    0.013	   -0.183	   -0.068	   -0.096	    0.116	    0.078	    0.065	    8.360
    0.012	    0.002	   -0.035	   -0.119	    0.114	    0.079	    0.064	    8.380
    0.013	    0.000	    0.011	   -0.099	    0.113	    0.079	    0.064	    8.400
    0.013	   -0.208	   -0.069	   -0.063	    0.114	    0.078	    0.064	    8.420
    0.013	    0.000	   -0.075	   -0.087	    0.118	    0.079	    0.064	    8.440
    0.013	    0.002	   -0.008	   -0.072	    0.117	    0.080	    0.064	    8.460
    0.013	    0.001	   -0.086	   -0.073	    0.116	    0.079	    0.065	    8.480
    0.012	    0.000	    0.008	   -0.087	    0.112	    0.078	    0.064	    8.500
    0.013	   -0.201	   -0.017	   -0.073	    0.117	    0.078	    0.063	    8.520
    0.012	   -0.198	   -0.023	   -0.096	    0.114	    0.079	    0.063	    8.540
    0.012	    0.000	   -0.099	   -0.090	    0.110	    0.077	    0.063	    8.560
    0.013	   -0.187	   -0.016	   -0.104	    0.108	    0.075	    0.063	    8.580
    0.012	    0.002	   -0.032	   -0.089	    0.112	    0.075	    0.060	    8.600
    0.013	   -0.198	   -0.103	   -0.092	    0.115	    0.075	    0.061	    8.620
    0.012	    0.000	   -0.018	   -0.104	    0.110	    0.075	    0.061	    8.640
    0.013	    0.001	   -0.081	   -0.082	    0.116	    0.076	    0.060	    8.660
    0.013	   -0.194	   -0.013	   -0.085	    0.108	    0.072	    0.059	    8.680
    0.012	   -0.192	   -0.030	   -0.101	    0.119	    0.075	    0.058	    8.700
    0.012	    0.000	   -0.112	   -0.094	    0.114	    0.076	    0.060	    8.720
    0.013	   -0.195	   -0.028	   -0.117	    0.111	    0.077	    0.061	    8.740
    0.013	    0.001	   -0.040	   -0.100	    0.107	    0.076	    0.061	    8.760
    0.012	    0.001	   -0.086	   -0.107	    0.106	    0.074	    0.060	    8.780
    0.013	    0.001	   -0.012	   -0.099	    0.105	    0.074	    0.060	    8.800
    0.013	    0.000	   -0.071	   -0.070	    0.107	    0.075	    0.060	    8.820
    0.012	   -0.194	    0.002	   -0.080	    0.109	    0.073	    0.059	    8.840
    0.012	   -0.190	   -0.102	   -0.074	    0.112	    0.073	    0.059	    8.860
    0.013	    0.001	   -0.023	   -0.091	    0.106	    0.075	    0.059	    8.880
    0.013	   -0.179	   -0.013	   -0.072	    0.110	    0.074	    0.060	    8.900
    0.012	    0.000	   -0.095	   -0.074	    0.105	    0.072	    0.059	    8.920
    0.012	   -0.182	   -0.066	   -0.103	    0.113	    0.074	    0.059	    8.940
    0.013	    0.001	   -0.044	   -0.084	    0.105	    0.071	    0.058	    8.960
    0.013	    0.001	   -0.013	   -0.107	    0.112	    0.074	    0.058	    8.980
    0.012	   -0.190	   -0.031	   -0.092	    0.109	    0.073	    0.058	    9.000
    0.013	    0.002	   -0.080	   -0.092	    0.110	    0.073	    0.059	    9.020
    0.012	    0.001	   -0.018	   -0.086	    0.110	    0.071	    0.059	    9.040
    0.012	   -0.178	    0.012	   -0.072	    0.107	    0.065	    0.055	    9.060
    0.012	    0.000	   -0.004	   -0.070	    0.107	    0.070	    0.056	    9.080
    0.012	   -0.169	   -0.074	   -0.068	    0.112	    0.073	    0.056	    9.100
    0.013	   -0.175	   -0.104	   -0.085	    0.107	    0.072	    0.057	    9.120
    0.013	    0.000	   -0.091	   -0.095	    0.110	    0.071	    0.057	    9.140
    0.013	   -0.165	   -0.047	   -0.092	    0.105	    0.074	    0.058	    9.160
    0.012	    0.001	   -0.005	   -0.085	    0.108	    0.072	    0.058	    9.180
    0.012	   -0.180	   -0.022	   -0.085	    0.109	    0.071	    0.057	    9.200
    0.012	    0.001	   -0.101	   -0.082	    0.109	    0.071	    0.057	    9.220
    0.012	    0.001	   -0.103	   -0.087	    0.104	    0.063	    0.055	    9.240
    0.012	   -0.179	   -0.097	   -0.087	    0.107	    0.067	    0.054	    9.260
    0.012	    0.001	   -0.016	   -0.119	    0.102	    0.068	    0.054	    9.280
    0.013	   -0.168	   -0.034	   -0.104	    0.107	    0.069	    0.053	    9.300
    0.013	    0.000	   -0.065	   -0.101	    0.102	    0.069	    0.054	    9.320
    0.012	   -0.180	   -0.119	   -0.105	    0.101	    0.068	    0.054	    9.340
    0.012	   -0.185	   -0.122	   -0.103	    0.098	    0.065	    0.054	    9.360
    0.012	    0.000	   -0.059	   -0.117	    0.102	    0.065	    0.052	    9.380
    0.012	   -0.174	   -0.027	   -0.104	    0.101	    0.066	    0.052	    9.400
    0.013	    0.000	   -0.044	   -0.089	    0.100	    0.066	    0.052	    9.420
    0.012	   -0.180	   -0.101	   -0.095	    0.100	    0.065	    0.052	    9.440
    0.012	    0.000	   -0.120	   -0.112	    0.106	    0.065	    0.052	    9.460
    0.011	    0.000	   -0.108	   -0.108	    0.101	    0.064	    0.051	    9.480
    0.012	   -0.182	   -0.031	   -0.111	    0.097	    0.063	    0.050	    9.500
    0.013	    0.001	   -0.036	   -0.095	    0.098	    0.062	    0.049	    9.520
    0.012	   -0.193	   -0.112	   -0.095	    0.097	    0.063	    0.049	    9.540
    0.013	   -0.198	   -0.126	   -0.108	    0.101	    0.063	    0.049	    9.560
    0.013	    0.000	   -0.109	   -0.118	    0.093	    0.062	    0.050	    9.580
    0.013	   -0.201	   -0.092	   -0.110	    0.094	    0.060	    0.049	    9.600
    0.012	    0.001	   -0.018	   -0.106	    0.089	    0.058	    0.046	    9.620
    0.012	    0.001	   -0.010	   -0.099	    0.089	    0.059	    0.045	    9.640
    0.012	   -0.195	   -0.096	   -0.083	    0.097	    0.060	    0.046	    9.660
    0.013	    0.000	   -0.103	   -0.092	    0.093	    0.059	    0.046	    9.680
    0.012	   -0.190	   -0.018	   -0.107	    0.091	    0.058	    0.045	    9.700
    0.013	    0.001	   -0.013	   -0.097	    0.094	    0.057	    0.044	    9.720
    0.012	   -0.208	   -0.105	   -0.084	    0.097	    0.058	    0.044	    9.740
    0.013	    0.000	   -0.106	   -0.089	    0.093	    0.057	    0.044	    9.760
    0.012	   -0.200	   -0.035	   -0.096	    0.089	    0.057	    0.044	    9.780
    0.012	    0.001	   -0.110	   -0.095	    0.093	    0.056	    0.043	    9.800
    0.013	    0.001	   -0.016	   -0.108	    0.087	    0.056	    0.043	    9.820
    0.012	    0.001	   -0.013	   -0.097	    0.085	    0.056	    0.042	    9.840
    0.012	   -0.199	   -0.064	   -0.092	    0.086	    0.054	    0.041	    9.860
    0.012	    0.000	   -0.114	   -0.100	    0.089	    0.054	    0.041	    9.880
    0.012	   -0.195	   -0.042	   -0.127	    0.086	    0.054	    0.041	    9.900
    0.012	    0.000	   -0.040	   -0.121	    0.086	    0.052	    0.040	    9.920
    0.012	   -0.196	   -0.135	   -0.111	    0.086	    0.052	    0.039	    9.940
    0.013	   -0.193	   -0.144	   -0.124	    0.086	    0.052	    0.040	    9.960
    0.013	    0.001	   -0.062	   -0.137	    0.085	    0.053	    0.039	    9.980
    0.013	   -0.195	   -0.038	   -0.120	    0.084	    0.053	    0.039	   10.000
