    0.018	    0.005	    0.437	   -1.528	    0.273	    0.091	    0.323	  -10.000
    0.018	   -0.143	    0.526	   -0.698	    0.185	    0.118	    0.220	   -9.980
    0.018	    0.006	    0.682	   -0.194	    0.181	    0.133	    0.173	   -9.960
    0.019	   -0.179	    0.704	    0.092	    0.176	    0.138	    0.150	   -9.940
    0.021	    0.005	    0.641	    0.264	    0.182	    0.140	    0.138	   -9.920
    0.021	    0.005	    0.627	    0.374	    0.185	    0.141	    0.132	   -9.900
    0.022	   -0.195	    0.574	    0.414	    0.182	    0.139	    0.129	   -9.880
    0.023	    0.006	    0.522	    0.404	    0.183	    0.141	    0.126	   -9.860
    0.024	    0.005	    0.483	    0.388	    0.180	    0.142	    0.126	   -9.840
    0.023	   -0.200	    0.445	    0.363	    0.184	    0.143	    0.126	   -9.820
    0.023	   -0.199	    0.388	    0.335	    0.186	    0.143	    0.126	   -9.800
    0.024	    0.006	    0.359	    0.308	    0.186	    0.144	    0.126	   -9.780
    0.025	    0.005	    0.342	    0.291	    0.184	    0.144	    0.127	   -9.760
    0.024	   -0.176	    0.316	    0.270	    0.189	    0.145	    0.127	   -9.740
    0.024	    0.006	    0.364	    0.237	    0.187	    0.146	    0.127	   -9.720
    0.025	    0.005	    0.324	    0.215	    0.190	    0.147	    0.127	   -9.700
    0.024	    0.290	    0.304	    0.188	    0.192	    0.150	    0.129	   -9.680
    0.024	    0.316	    0.302	    0.181	    0.200	    0.154	    0.131	   -9.660
    0.025	    0.005	    0.298	    0.172	    0.195	    0.153	    0.132	   -9.640
    0.024	    0.005	    0.280	    0.153	    0.198	    0.155	    0.133	   -9.620
    0.024	   -0.082	    0.252	    0.136	    0.204	    0.158	    0.135	   -9.600
    0.023	   -0.136	    0.217	    0.114	    0.201	    0.159	    0.137	   -9.580
    0.023	    0.005	    0.201	    0.101	    0.205	    0.161	    0.138	   -9.560
    0.023	    0.005	    0.182	    0.087	    0.208	    0.162	    0.139	   -9.540
    0.023	   -0.168	    0.165	    0.069	    0.208	    0.164	    0.141	   -9.520
    0.022	   -0.038	    0.211	    0.061	    0.211	    0.167	    0.143	   -9.500
    0.023	    0.090	    0.243	    0.100	    0.211	    0.168	    0.146	   -9.480
    0.023	   -0.027	    0.322	    0.172	    0.220	    0.169	    0.147	   -9.460
    0.023	    0.004	    0.328	    0.226	    0.218	    0.171	    0.149	   -9.440
    0.023	    0.005	    0.305	    0.239	    0.221	    0.175	    0.151	   -9.420
    0.023	   -0.176	    0.269	    0.215	    0.224	    0.178	    0.153	   -9.400
    0.000	    0.000	    0.000	    0.000	    0.000	    0.000	    0.000	   -9.380
    0.023	    0.005	    0.079	    0.165	    0.238	    0.183	    0.156	   -9.360
    0.023	   -0.200	    0.014	    0.106	    0.241	    0.186	    0.160	   -9.340
    0.023	   -0.187	    0.003	    0.041	    0.239	    0.188	    0.163	   -9.320
    0.023	   -0.189	   -0.024	   -0.009	    0.245	    0.192	    0.166	   -9.300
    0.024	    0.006	   -0.015	   -0.034	    0.246	    0.195	    0.169	   -9.280
    0.023	    0.005	    0.022	   -0.034	    0.255	    0.201	    0.174	   -9.260
    0.023	   -0.167	    0.055	   -0.026	    0.254	    0.204	    0.177	   -9.240
    0.023	   -0.172	    0.085	   -0.020	    0.255	    0.207	    0.180	   -9.220
    0.023	    0.006	    0.031	   -0.004	    0.266	    0.213	    0.184	   -9.200
    0.023	   -0.167	    0.028	    0.002	    0.274	    0.217	    0.189	   -9.180
    0.023	   -0.173	    0.031	    0.015	    0.272	    0.219	    0.191	   -9.160
    0.023	    0.006	    0.125	   -0.016	    0.278	    0.223	    0.194	   -9.140
    0.023	   -0.141	    0.039	    0.009	    0.285	    0.229	    0.198	   -9.120
    0.023	   -0.112	    0.019	    0.020	    0.285	    0.232	    0.203	   -9.100
    0.022	    0.005	   -0.011	    0.006	    0.290	    0.234	    0.206	   -9.080
    0.023	   -0.140	   -0.033	   -0.023	    0.287	    0.236	    0.208	   -9.060
    0.023	   -0.173	   -0.048	   -0.060	    0.289	    0.240	    0.211	   -9.040
    0.023	    0.005	   -0.072	   -0.097	    0.295	    0.246	    0.214	   -9.020
    0.023	    0.005	   -0.048	   -0.108	    0.298	    0.247	    0.216	   -9.000
    0.023	   -0.199	   -0.030	   -0.104	    0.305	    0.250	    0.219	   -8.980
    0.023	   -0.193	   -0.043	   -0.092	    0.308	    0.255	    0.223	   -8.960
    0.023	    0.005	   -0.021	   -0.074	    0.308	    0.260	    0.229	   -8.940
    0.023	    0.005	    0.002	   -0.045	    0.313	    0.261	    0.231	   -8.920
    0.022	   -0.189	    0.086	   -0.030	    0.312	    0.262	    0.232	   -8.900
    0.023	   -0.196	    0.078	   -0.016	    0.313	    0.266	    0.235	   -8.880
    0.023	    0.005	    0.059	   -0.017	    0.320	    0.269	    0.237	   -8.860
    0.022	    0.037	    0.044	   -0.023	    0.324	    0.270	    0.239	   -8.840
    0.022	    0.357	    0.054	   -0.031	    0.324	    0.273	    0.241	   -8.820
    0.022	    0.005	    0.064	   -0.029	    0.327	    0.273	    0.243	   -8.800
    0.022	    0.005	    0.057	   -0.032	    0.321	    0.275	    0.244	   -8.780
    0.022	   -0.123	    0.040	   -0.036	    0.333	    0.277	    0.246	   -8.760
    0.022	   -0.126	    0.006	   -0.043	    0.330	    0.278	    0.248	   -8.740
    0.022	    0.005	   -0.003	   -0.059	    0.331	    0.279	    0.250	   -8.720
    0.022	    0.005	   -0.003	   -0.065	    0.337	    0.280	    0.251	   -8.700
    0.023	   -0.055	   -0.000	   -0.068	    0.331	    0.280	    0.251	   -8.680
    0.022	   -0.162	   -0.005	   -0.082	    0.332	    0.281	    0.252	   -8.660
    0.023	    0.006	   -0.006	   -0.086	    0.335	    0.283	    0.253	   -8.640
    0.022	    0.005	    0.007	   -0.089	    0.336	    0.284	    0.254	   -8.620
    0.023	   -0.185	    0.012	   -0.072	    0.331	    0.283	    0.254	   -8.600
    0.023	    0.004	    0.045	   -0.045	    0.329	    0.283	    0.255	   -8.580
    0.022	    0.005	    0.142	    0.003	    0.328	    0.281	    0.255	   -8.560
    0.023	   -0.183	    0.216	    0.071	    0.327	    0.279	    0.254	   -8.540
    0.023	   -0.185	    0.281	    0.136	    0.321	    0.275	    0.252	   -8.520
    0.022	    0.004	    0.301	    0.186	    0.323	    0.274	    0.250	   -8.500
    0.022	    0.005	    0.285	    0.206	    0.315	    0.273	    0.249	   -8.480
    0.023	   -0.158	    0.192	    0.201	    0.317	    0.271	    0.247	   -8.460
    0.023	    0.005	    0.142	    0.168	    0.313	    0.269	    0.246	   -8.440
    0.023	    0.004	    0.130	    0.152	    0.311	    0.266	    0.244	   -8.420
    0.023	   -0.184	    0.125	    0.141	    0.307	    0.262	    0.241	   -8.400
    0.023	   -0.121	    0.110	    0.138	    0.298	    0.258	    0.237	   -8.380
    0.023	   -0.083	    0.077	    0.116	    0.291	    0.252	    0.233	   -8.360
    0.023	   -0.132	    0.018	    0.056	    0.289	    0.249	    0.229	   -8.340
    0.023	    0.005	   -0.049	   -0.026	    0.284	    0.247	    0.225	   -8.320
    0.023	    0.005	   -0.123	   -0.094	    0.277	    0.243	    0.222	   -8.300
    0.023	    0.006	   -0.169	   -0.125	    0.274	    0.235	    0.217	   -8.280
    0.023	    0.004	   -0.218	   -0.142	    0.264	    0.228	    0.213	   -8.260
    0.022	   -0.180	   -0.247	   -0.163	    0.193	    0.195	    0.198	   -8.240
    0.023	   -0.196	   -0.193	   -0.182	    0.189	    0.168	    0.179	   -8.220
    0.022	   -0.187	   -0.057	   -0.184	    0.178	    0.156	    0.161	   -8.200
    0.020	    0.005	    0.080	   -0.107	    0.172	    0.147	    0.147	   -8.180
    0.020	    0.005	    0.320	    0.021	    0.161	    0.138	    0.136	   -8.160
    0.020	    0.005	    0.386	    0.126	    0.154	    0.130	    0.126	   -8.140
    0.020	   -0.096	    0.341	    0.183	    0.144	    0.122	    0.117	   -8.120
    0.019	   -0.157	    0.181	    0.190	    0.144	    0.117	    0.110	   -8.100
    0.019	   -0.191	    0.079	    0.162	    0.133	    0.109	    0.104	   -8.080
    0.019	   -0.195	   -0.014	    0.108	    0.130	    0.101	    0.097	   -8.060
    0.019	    0.005	   -0.099	    0.024	    0.124	    0.096	    0.090	   -8.040
    0.018	    0.004	   -0.252	   -0.111	    0.110	    0.089	    0.084	   -8.020
    0.018	    0.005	   -0.335	   -0.234	    0.101	    0.080	    0.077	   -8.000
    0.018	    0.005	   -0.410	   -0.312	    0.095	    0.073	    0.069	   -7.980
    0.018	   -0.185	   -0.423	   -0.342	    0.087	    0.065	    0.062	   -7.960
    0.018	   -0.182	   -0.396	   -0.352	    0.081	    0.056	    0.055	   -7.940
    0.018	   -0.197	   -0.360	   -0.338	    0.071	    0.048	    0.047	   -7.920
    0.017	   -0.197	   -0.244	   -0.320	    0.064	    0.042	    0.041	   -7.900
    0.017	    0.005	   -0.198	   -0.298	    0.063	    0.038	    0.035	   -7.880
    0.017	    0.004	   -0.138	   -0.269	    0.052	    0.033	    0.029	   -7.860
    0.018	    0.004	   -0.115	   -0.240	    0.049	    0.027	    0.024	   -7.840
    0.017	   -0.033	   -0.145	   -0.193	    0.047	    0.023	    0.019	   -7.820
    0.017	   -0.025	   -0.125	   -0.150	    0.042	    0.017	    0.015	   -7.800
    0.018	   -0.106	   -0.124	   -0.121	    0.039	    0.013	    0.011	   -7.780
    0.019	   -0.146	   -0.104	   -0.123	    0.038	    0.010	    0.006	   -7.760
    0.018	    0.005	   -0.059	   -0.139	    0.027	    0.006	    0.002	   -7.740
    0.018	    0.004	   -0.035	   -0.139	    0.023	    0.002	   -0.002	   -7.720
    0.018	    0.004	   -0.050	   -0.125	    0.022	   -0.004	   -0.007	   -7.700
    0.018	    0.004	   -0.080	   -0.095	    0.019	   -0.008	   -0.010	   -7.680
    0.018	   -0.180	   -0.090	   -0.077	    0.016	   -0.011	   -0.013	   -7.660
    0.019	   -0.192	   -0.089	   -0.071	    0.012	   -0.013	   -0.017	   -7.640
    0.018	   -0.199	   -0.048	   -0.072	    0.006	   -0.015	   -0.019	   -7.620
    0.018	    0.004	    0.012	   -0.084	    0.006	   -0.018	   -0.022	   -7.600
    0.017	    0.004	    0.040	   -0.081	    0.002	   -0.019	   -0.024	   -7.580
    0.017	    0.005	    0.049	   -0.057	    0.008	   -0.019	   -0.026	   -7.560
    0.018	    0.003	    0.001	   -0.019	    0.002	   -0.023	   -0.028	   -7.540
    0.017	    0.004	   -0.013	    0.002	    0.002	   -0.026	   -0.030	   -7.520
    0.017	   -0.198	   -0.018	   -0.003	    0.002	   -0.027	   -0.031	   -7.500
    0.017	   -0.094	   -0.073	   -0.056	   -0.003	   -0.027	   -0.033	   -7.480
    0.017	   -0.186	   -0.133	   -0.127	    0.002	   -0.026	   -0.033	   -7.460
    0.016	    0.130	   -0.146	   -0.166	   -0.002	   -0.028	   -0.035	   -7.440
    0.017	    0.004	   -0.235	   -0.175	    0.004	   -0.028	   -0.035	   -7.420
    0.017	    0.005	   -0.263	   -0.190	   -0.002	   -0.031	   -0.036	   -7.400
    0.018	    0.005	   -0.234	   -0.209	    0.003	   -0.031	   -0.037	   -7.380
    0.019	    0.004	   -0.203	   -0.236	    0.004	   -0.029	   -0.037	   -7.360
    0.018	   -0.194	   -0.198	   -0.255	    0.001	   -0.028	   -0.037	   -7.340
    0.018	   -0.188	   -0.199	   -0.269	    0.002	   -0.027	   -0.036	   -7.320
    0.018	   -0.191	   -0.209	   -0.272	    0.005	   -0.026	   -0.036	   -7.300
    0.018	    0.004	   -0.213	   -0.257	    0.006	   -0.023	   -0.034	   -7.280
    0.017	    0.005	   -0.272	   -0.241	    0.011	   -0.020	   -0.032	   -7.260
    0.018	   -0.201	   -0.284	   -0.252	    0.013	   -0.019	   -0.030	   -7.240
    0.017	   -0.181	   -0.282	   -0.244	    0.016	   -0.019	   -0.029	   -7.220
    0.017	   -0.164	   -0.285	   -0.244	    0.018	   -0.018	   -0.027	   -7.200
    0.017	   -0.095	   -0.247	   -0.247	    0.018	   -0.016	   -0.026	   -7.180
    0.016	    0.004	   -0.192	   -0.260	    0.020	   -0.013	   -0.023	   -7.160
    0.016	    0.005	   -0.156	   -0.259	    0.023	   -0.011	   -0.022	   -7.140
    0.017	    0.004	   -0.145	   -0.240	    0.025	   -0.008	   -0.020	   -7.120
    0.017	    0.004	   -0.182	   -0.203	    0.031	   -0.005	   -0.018	   -7.100
    0.017	   -0.033	   -0.177	   -0.172	    0.033	   -0.004	   -0.016	   -7.080
    0.017	   -0.099	   -0.160	   -0.158	    0.039	   -0.001	   -0.013	   -7.060
    0.017	   -0.175	   -0.114	   -0.172	    0.035	    0.002	   -0.011	   -7.040
    0.017	   -0.179	   -0.105	   -0.188	    0.040	    0.005	   -0.009	   -7.020
    0.017	    0.004	   -0.094	   -0.186	    0.045	    0.009	   -0.007	   -7.000
    0.017	    0.003	   -0.132	   -0.168	    0.043	    0.010	   -0.003	   -6.980
    0.017	    0.004	   -0.134	   -0.141	    0.047	    0.011	   -0.002	   -6.960
    0.018	    0.005	   -0.128	   -0.117	    0.054	    0.014	    0.001	   -6.940
    0.018	   -0.186	   -0.126	   -0.112	    0.054	    0.016	    0.003	   -6.920
    0.017	   -0.203	   -0.077	   -0.132	    0.055	    0.018	    0.005	   -6.900
    0.018	   -0.192	   -0.074	   -0.151	    0.057	    0.022	    0.007	   -6.880
    0.018	   -0.201	   -0.083	   -0.158	    0.060	    0.026	    0.009	   -6.860
    0.019	    0.004	   -0.128	   -0.140	    0.060	    0.026	    0.012	   -6.840
    0.017	    0.004	   -0.129	   -0.115	    0.063	    0.028	    0.014	   -6.820
    0.017	    0.004	   -0.120	   -0.103	    0.070	    0.030	    0.016	   -6.800
    0.017	    0.004	   -0.065	   -0.100	    0.072	    0.031	    0.018	   -6.780
    0.017	    0.100	   -0.030	   -0.111	    0.078	    0.038	    0.021	   -6.760
    0.016	    0.115	   -0.001	   -0.109	    0.072	    0.041	    0.023	   -6.740
    0.016	   -0.013	   -0.019	   -0.099	    0.076	    0.042	    0.027	   -6.720
    0.016	   -0.147	   -0.080	   -0.077	    0.084	    0.044	    0.028	   -6.700
    0.017	    0.004	   -0.091	   -0.066	    0.081	    0.045	    0.030	   -6.680
    0.017	    0.004	   -0.062	   -0.064	    0.082	    0.045	    0.031	   -6.660
    0.017	    0.004	   -0.015	   -0.082	    0.085	    0.047	    0.033	   -6.640
    0.018	    0.004	    0.003	   -0.091	    0.090	    0.052	    0.035	   -6.620
    0.018	   -0.200	   -0.005	   -0.092	    0.092	    0.055	    0.036	   -6.600
    0.018	   -0.186	   -0.075	   -0.070	    0.092	    0.056	    0.040	   -6.580
    0.017	   -0.197	   -0.091	   -0.090	    0.097	    0.058	    0.042	   -6.560
    0.017	   -0.207	   -0.049	   -0.103	    0.100	    0.060	    0.043	   -6.540
    0.017	   -0.191	   -0.044	   -0.121	    0.096	    0.063	    0.045	   -6.520
    0.017	    0.004	   -0.034	   -0.126	    0.102	    0.065	    0.047	   -6.500
    0.017	    0.004	   -0.074	   -0.109	    0.104	    0.066	    0.049	   -6.480
    0.017	    0.003	   -0.079	   -0.085	    0.105	    0.067	    0.050	   -6.460
    0.017	    0.003	   -0.078	   -0.063	    0.108	    0.069	    0.054	   -6.440
    0.017	   -0.148	   -0.075	   -0.060	    0.108	    0.070	    0.054	   -6.420
    0.016	   -0.038	   -0.014	   -0.085	    0.107	    0.070	    0.055	   -6.400
    0.016	   -0.096	   -0.006	   -0.096	    0.110	    0.073	    0.056	   -6.380
    0.017	   -0.140	   -0.045	   -0.094	    0.114	    0.075	    0.057	   -6.360
    0.016	    0.004	   -0.081	   -0.073	    0.113	    0.074	    0.059	   -6.340
    0.016	    0.003	   -0.090	   -0.062	    0.114	    0.075	    0.060	   -6.320
    0.017	    0.003	   -0.062	   -0.064	    0.112	    0.076	    0.061	   -6.300
    0.017	    0.003	   -0.012	   -0.083	    0.114	    0.077	    0.061	   -6.280
    0.017	    0.004	    0.003	   -0.092	    0.113	    0.079	    0.062	   -6.260
    0.018	   -0.192	   -0.015	   -0.090	    0.113	    0.079	    0.063	   -6.240
    0.017	   -0.199	   -0.077	   -0.074	    0.114	    0.078	    0.063	   -6.220
    0.017	   -0.187	   -0.096	   -0.070	    0.114	    0.077	    0.063	   -6.200
    0.016	    0.004	   -0.096	   -0.068	    0.115	    0.077	    0.063	   -6.180
    0.016	    0.004	   -0.071	   -0.073	    0.116	    0.078	    0.064	   -6.160
    0.016	    0.004	   -0.023	   -0.090	    0.116	    0.079	    0.064	   -6.140
    0.016	    0.003	   -0.004	   -0.097	    0.118	    0.081	    0.065	   -6.120
    0.016	    0.168	    0.018	   -0.089	    0.117	    0.082	    0.065	   -6.100
    0.016	   -0.032	   -0.018	   -0.065	    0.117	    0.081	    0.066	   -6.080
    0.017	   -0.096	   -0.046	   -0.041	    0.124	    0.081	    0.066	   -6.060
    0.016	   -0.185	   -0.070	   -0.036	    0.119	    0.080	    0.066	   -6.040
    0.016	    0.003	   -0.068	   -0.064	    0.117	    0.081	    0.066	   -6.020
    0.016	   -0.195	   -0.081	   -0.052	    0.118	    0.081	    0.067	   -6.000
    0.017	   -0.194	   -0.084	   -0.055	    0.121	    0.080	    0.067	   -5.980
    0.017	   -0.195	   -0.055	   -0.077	    0.117	    0.081	    0.066	   -5.960
    0.018	   -0.192	   -0.036	   -0.101	    0.116	    0.082	    0.066	   -5.940
    0.017	    0.004	   -0.025	   -0.113	    0.117	    0.082	    0.066	   -5.920
    0.017	    0.004	   -0.038	   -0.106	    0.122	    0.083	    0.066	   -5.900
    0.017	    0.003	   -0.074	   -0.078	    0.121	    0.083	    0.068	   -5.880
    0.016	    0.004	   -0.077	   -0.060	    0.118	    0.082	    0.067	   -5.860
    0.017	   -0.185	   -0.078	   -0.058	    0.116	    0.081	    0.067	   -5.840
    0.016	   -0.101	   -0.034	   -0.079	    0.116	    0.081	    0.067	   -5.820
    0.016	   -0.114	   -0.027	   -0.099	    0.119	    0.081	    0.067	   -5.800
    0.016	    0.004	   -0.021	   -0.107	    0.115	    0.082	    0.066	   -5.780
    0.016	    0.004	   -0.029	   -0.107	    0.114	    0.082	    0.066	   -5.760
    0.016	    0.004	   -0.056	   -0.084	    0.120	    0.081	    0.066	   -5.740
    0.016	   -0.150	   -0.041	   -0.077	    0.119	    0.080	    0.066	   -5.720
    0.016	   -0.091	   -0.018	   -0.073	    0.115	    0.080	    0.066	   -5.700
    0.016	    0.004	   -0.008	   -0.067	    0.120	    0.081	    0.066	   -5.680
    0.016	    0.003	    0.015	   -0.062	    0.116	    0.081	    0.066	   -5.660
    0.016	   -0.164	    0.008	   -0.065	    0.114	    0.082	    0.066	   -5.640
    0.016	    0.003	   -0.011	   -0.065	    0.118	    0.082	    0.066	   -5.620
    0.016	    0.003	   -0.001	   -0.071	    0.117	    0.081	    0.066	   -5.600
    0.017	   -0.199	    0.055	   -0.097	    0.114	    0.081	    0.066	   -5.580
    0.018	    0.003	    0.029	   -0.050	    0.115	    0.080	    0.066	   -5.560
    0.017	    0.004	    0.058	   -0.010	    0.116	    0.079	    0.066	   -5.540
    0.016	   -0.192	    0.070	    0.020	    0.114	    0.078	    0.065	   -5.520
    0.016	   -0.208	    0.065	    0.033	    0.117	    0.079	    0.065	   -5.500
    0.016	    0.003	    0.089	    0.038	    0.115	    0.079	    0.065	   -5.480
    0.016	   -0.099	    0.118	    0.053	    0.114	    0.079	    0.065	   -5.460
    0.016	    0.003	    0.143	    0.060	    0.114	    0.080	    0.065	   -5.440
    0.016	    0.003	    0.115	    0.046	    0.111	    0.080	    0.065	   -5.420
    0.015	   -0.135	   -0.032	    0.037	    0.116	    0.079	    0.065	   -5.400
    0.016	    0.003	   -0.128	   -0.012	    0.117	    0.080	    0.065	   -5.380
    0.016	   -0.194	   -0.186	   -0.071	    0.117	    0.080	    0.066	   -5.360
    0.016	   -0.186	   -0.188	   -0.131	    0.116	    0.080	    0.066	   -5.340
    0.016	    0.003	   -0.197	   -0.158	    0.114	    0.079	    0.066	   -5.320
    0.015	    0.003	   -0.135	   -0.169	    0.111	    0.078	    0.065	   -5.300
    0.016	   -0.190	   -0.075	   -0.151	    0.114	    0.078	    0.064	   -5.280
    0.016	   -0.189	   -0.008	   -0.115	    0.114	    0.078	    0.063	   -5.260
    0.016	    0.003	    0.036	   -0.075	    0.115	    0.077	    0.063	   -5.240
    0.016	   -0.197	    0.043	   -0.043	    0.113	    0.077	    0.063	   -5.220
    0.016	   -0.196	    0.060	   -0.026	    0.111	    0.076	    0.062	   -5.200
    0.016	    0.003	    0.000	   -0.018	    0.110	    0.073	    0.061	   -5.180
    0.000	    0.000	    0.000	    0.000	    0.000	    0.000	    0.000	   -5.160
    0.016	   -0.153	   -0.059	   -0.058	    0.114	    0.075	    0.061	   -5.140
    0.016	   -0.171	   -0.031	   -0.056	    0.110	    0.074	    0.060	   -5.120
    0.016	    0.004	    0.023	   -0.034	    0.113	    0.074	    0.060	   -5.100
    0.016	    0.004	    0.080	   -0.002	    0.108	    0.072	    0.059	   -5.080
    0.016	   -0.179	    0.024	    0.013	    0.109	    0.074	    0.059	   -5.060
    0.015	    0.003	    0.014	   -0.010	    0.113	    0.075	    0.059	   -5.040
    0.015	    0.003	   -0.020	   -0.043	    0.107	    0.074	    0.059	   -5.020
    0.015	   -0.112	    0.008	   -0.060	    0.105	    0.072	    0.058	   -5.000
    0.016	   -0.128	    0.055	   -0.050	    0.106	    0.072	    0.058	   -4.980
    0.016	    0.003	    0.503	   -0.008	    0.102	    0.069	    0.056	   -4.960
    0.016	   -0.182	    0.704	    0.228	    0.097	    0.069	    0.055	   -4.940
    0.016	   -0.195	    0.689	    0.386	    0.098	    0.068	    0.055	   -4.920
    0.016	    0.002	    0.513	    0.449	    0.112	    0.070	    0.055	   -4.900
    0.000	    0.000	    0.000	    0.000	    0.000	    0.000	    0.000	   -4.880
    0.000	    0.000	    0.000	    0.000	    0.000	    0.000	    0.000	   -4.860
    0.000	    0.000	    0.000	    0.000	    0.000	    0.000	    0.000	   -4.840
    0.017	    0.005	    0.409	    0.353	    0.104	    0.071	    0.056	   -4.820
    0.016	   -0.184	    0.393	    0.345	    0.103	    0.070	    0.056	   -4.800
    0.016	   -0.130	    0.404	    0.327	    0.109	    0.070	    0.056	   -4.780
    0.015	    0.004	    0.275	    0.301	    0.108	    0.070	    0.057	   -4.760
    0.015	    0.003	   -0.054	    0.158	    0.106	    0.072	    0.057	   -4.740
    0.015	    0.004	   -0.159	   -0.009	    0.108	    0.074	    0.057	   -4.720
    0.015	   -0.193	   -0.203	   -0.130	    0.104	    0.071	    0.057	   -4.700
    0.016	   -0.193	   -0.245	   -0.207	    0.102	    0.070	    0.056	   -4.680
    0.015	    0.003	   -0.292	   -0.260	    0.103	    0.070	    0.056	   -4.660
    0.014	   -0.189	   -0.296	   -0.298	    0.100	    0.068	    0.055	   -4.640
    0.015	   -0.182	   -0.283	   -0.309	    0.101	    0.069	    0.054	   -4.620
    0.015	    0.003	   -0.253	   -0.303	    0.099	    0.068	    0.054	   -4.600
    0.015	   -0.199	   -0.274	   -0.282	    0.103	    0.066	    0.053	   -4.580
    0.015	   -0.197	   -0.175	   -0.262	    0.101	    0.065	    0.053	   -4.560
    0.015	   -0.107	   -0.102	   -0.193	    0.100	    0.064	    0.052	   -4.540
    0.016	    0.003	   -0.016	   -0.188	    0.099	    0.066	    0.052	   -4.520
    0.016	    0.003	   -0.022	   -0.138	    0.100	    0.067	    0.052	   -4.500
    0.016	   -0.178	   -0.035	   -0.124	    0.101	    0.068	    0.052	   -4.480
    0.015	   -0.182	   -0.055	   -0.121	    0.104	    0.067	    0.052	   -4.460
    0.015	   -0.199	   -0.098	   -0.139	    0.102	    0.068	    0.053	   -4.440
    0.014	    0.002	   -0.158	   -0.157	    0.104	    0.069	    0.054	   -4.420
    0.014	   -0.182	   -0.256	   -0.191	    0.105	    0.067	    0.053	   -4.400
    0.015	   -0.134	   -0.295	   -0.235	    0.108	    0.068	    0.054	   -4.380
    0.015	    0.003	   -0.127	   -0.234	    0.103	    0.068	    0.054	   -4.360
    0.015	   -0.139	    0.355	   -0.104	    0.100	    0.065	    0.053	   -4.340
    0.013	   -0.148	    0.578	    0.153	    0.093	    0.063	    0.052	   -4.320
    0.015	    0.003	    0.710	    0.340	    0.096	    0.064	    0.051	   -4.300
    0.000	    0.000	    0.000	    0.000	    0.000	    0.000	    0.000	   -4.280
    0.000	    0.000	    0.000	    0.000	    0.000	    0.000	    0.000	   -4.260
    0.000	    0.000	    0.000	    0.000	    0.000	    0.000	    0.000	   -4.240
    0.015	   -0.203	    0.704	    0.402	    0.103	    0.067	    0.050	   -4.220
    0.016	   -0.195	    0.795	    0.498	    0.108	    0.071	    0.053	   -4.200
    0.015	    0.003	    0.760	    0.569	    0.107	    0.073	    0.056	   -4.180
    0.015	    0.003	    0.511	    0.542	    0.117	    0.077	    0.059	   -4.160
    0.015	   -0.121	    0.146	    0.398	    0.125	    0.081	    0.062	   -4.140
    0.015	    0.002	    0.060	    0.239	    0.122	    0.083	    0.064	   -4.120
    0.014	   -0.198	   -0.131	    0.099	    0.129	    0.086	    0.067	   -4.100
    0.015	   -0.192	   -0.348	   -0.058	    0.134	    0.089	    0.070	   -4.080
    0.015	    0.003	   -0.238	   -0.169	    0.140	    0.093	    0.073	   -4.060
    0.016	    0.002	   -0.011	   -0.141	    0.135	    0.095	    0.075	   -4.040
    0.015	   -0.078	    0.030	   -0.065	    0.141	    0.099	    0.078	   -4.020
    0.013	   -0.164	   -0.009	   -0.037	    0.149	    0.102	    0.081	   -4.000
    0.014	    0.003	   -0.057	   -0.046	    0.159	    0.108	    0.085	   -3.980
    0.015	   -0.185	   -0.123	   -0.079	    0.153	    0.110	    0.089	   -3.960
    0.016	    0.002	   -0.237	   -0.134	    0.159	    0.115	    0.092	   -3.940
    0.015	   -0.190	   -0.208	   -0.165	    0.162	    0.115	    0.095	   -3.920
    0.014	   -0.205	   -0.213	   -0.175	    0.161	    0.118	    0.098	   -3.900
    0.016	    0.002	   -0.285	   -0.201	    0.166	    0.120	    0.100	   -3.880
    0.014	   -0.178	   -0.263	   -0.247	    0.164	    0.122	    0.101	   -3.860
    0.015	   -0.166	   -0.226	   -0.282	    0.168	    0.127	    0.103	   -3.840
    0.015	    0.002	    0.058	   -0.215	    0.167	    0.126	    0.105	   -3.820
    0.015	   -0.132	    0.207	   -0.057	    0.165	    0.125	    0.106	   -3.800
    0.013	   -0.173	    0.351	    0.080	    0.171	    0.127	    0.108	   -3.780
    0.013	    0.002	    0.388	    0.167	    0.174	    0.130	    0.109	   -3.760
    0.014	    0.003	    0.339	    0.203	    0.173	    0.134	    0.111	   -3.740
    0.014	    0.003	    0.151	    0.173	    0.182	    0.138	    0.114	   -3.720
    0.015	   -0.168	   -0.020	    0.078	    0.188	    0.141	    0.117	   -3.700
    0.014	   -0.166	    0.018	    0.023	    0.191	    0.143	    0.119	   -3.680
    0.014	   -0.175	    0.058	    0.035	    0.192	    0.144	    0.122	   -3.660
    0.015	    0.002	   -0.038	    0.007	    0.197	    0.149	    0.125	   -3.640
    0.015	    0.003	   -0.180	   -0.059	    0.209	    0.155	    0.129	   -3.620
    0.015	   -0.204	   -0.141	   -0.116	    0.210	    0.159	    0.132	   -3.600
    0.016	   -0.192	   -0.083	   -0.109	    0.216	    0.165	    0.137	   -3.580
    0.016	    0.002	   -0.052	   -0.075	    0.219	    0.168	    0.142	   -3.560
    0.017	    0.002	   -0.111	   -0.070	    0.232	    0.175	    0.147	   -3.540
    0.016	   -0.114	   -0.217	   -0.101	    0.237	    0.180	    0.152	   -3.520
    0.015	    0.237	   -0.302	   -0.157	    0.243	    0.188	    0.158	   -3.500
    0.016	    0.002	   -0.341	   -0.217	    0.251	    0.194	    0.164	   -3.480
    0.015	    0.002	   -0.370	   -0.258	    0.254	    0.198	    0.169	   -3.460
    0.015	   -0.182	   -0.356	   -0.304	    0.260	    0.204	    0.173	   -3.440
    0.015	    0.002	   -0.287	   -0.324	    0.267	    0.210	    0.179	   -3.420
    0.015	    0.001	   -0.364	   -0.343	    0.281	    0.218	    0.184	   -3.400
    0.000	    0.000	    0.000	    0.000	    0.000	    0.000	    0.000	   -3.380
    0.015	   -0.190	   -0.458	   -0.373	    0.298	    0.229	    0.192	   -3.360
    0.015	    0.002	   -0.464	   -0.411	    0.305	    0.240	    0.201	   -3.340
    0.015	   -0.201	   -0.443	   -0.433	    0.316	    0.249	    0.210	   -3.320
    0.014	   -0.180	   -0.387	   -0.434	    0.325	    0.260	    0.219	   -3.300
    0.015	    0.002	   -0.360	   -0.417	    0.334	    0.269	    0.228	   -3.280
    0.015	   -0.068	   -0.370	   -0.398	    0.342	    0.277	    0.237	   -3.260
    0.016	   -0.166	   -0.334	   -0.423	    0.350	    0.287	    0.246	   -3.240
    0.017	    0.003	   -0.389	   -0.391	    0.363	    0.294	    0.254	   -3.220
    0.016	   -0.201	   -0.373	   -0.409	    0.384	    0.306	    0.262	   -3.200
    0.016	    0.003	   -0.320	   -0.393	    0.390	    0.319	    0.272	   -3.180
    0.016	    0.002	   -0.305	   -0.384	    0.399	    0.329	    0.282	   -3.160
    0.000	    0.000	    0.000	    0.000	    0.000	    0.000	    0.000	   -3.140
    0.000	    0.000	    0.000	    0.000	    0.000	    0.000	    0.000	   -3.120
    0.016	   -0.137	   -0.353	   -0.388	    0.432	    0.346	    0.293	   -3.100
    0.016	   -0.163	   -0.337	   -0.364	    0.438	    0.361	    0.308	   -3.080
    0.016	    0.002	   -0.296	   -0.343	    0.453	    0.376	    0.321	   -3.060
    0.016	    0.003	   -0.243	   -0.320	    0.464	    0.386	    0.332	   -3.040
    0.016	   -0.191	   -0.233	   -0.295	    0.476	    0.399	    0.345	   -3.020
    0.017	    0.002	   -0.293	   -0.285	    0.488	    0.409	    0.356	   -3.000
    0.017	   -0.199	   -0.290	   -0.284	    0.504	    0.421	    0.367	   -2.980
    0.017	   -0.186	   -0.285	   -0.276	    0.515	    0.431	    0.378	   -2.960
    0.017	    0.002	   -0.267	   -0.263	    0.515	    0.439	    0.388	   -2.940
    0.017	    0.003	   -0.244	   -0.244	    0.529	    0.448	    0.396	   -2.920
    0.017	   -0.170	   -0.233	   -0.231	    0.536	    0.456	    0.404	   -2.900
    0.017	    0.002	   -0.215	   -0.217	    0.546	    0.465	    0.413	   -2.880
    0.017	    0.038	   -0.128	   -0.208	    0.552	    0.474	    0.421	   -2.860
    0.018	   -0.091	   -0.105	   -0.186	    0.559	    0.482	    0.429	   -2.840
    0.000	    0.000	    0.000	    0.000	    0.000	    0.000	    0.000	   -2.820
    0.016	    0.002	   -0.168	   -0.168	    0.575	    0.489	    0.436	   -2.800
    0.016	   -0.185	   -0.147	   -0.158	    0.580	    0.500	    0.445	   -2.780
    0.016	   -0.201	   -0.125	   -0.143	    0.587	    0.508	    0.453	   -2.760
    0.017	    0.001	   -0.098	   -0.126	    0.587	    0.512	    0.460	   -2.740
    0.017	    0.002	   -0.072	   -0.103	    0.582	    0.515	    0.465	   -2.720
    0.016	   -0.196	    0.006	   -0.096	    0.585	    0.517	    0.469	   -2.700
    0.016	    0.002	    0.006	   -0.086	    0.583	    0.518	    0.471	   -2.680
    0.016	   -0.070	   -0.000	   -0.087	    0.583	    0.520	    0.473	   -2.660
    0.015	   -0.137	   -0.010	   -0.091	    0.579	    0.518	    0.474	   -2.640
    0.015	   -0.179	   -0.006	   -0.092	    0.580	    0.517	    0.473	   -2.620
    0.016	    0.002	    0.019	   -0.086	    0.570	    0.513	    0.471	   -2.600
    0.016	    0.002	    0.040	   -0.073	    0.571	    0.511	    0.470	   -2.580
    0.015	   -0.204	    0.013	   -0.051	    0.567	    0.508	    0.468	   -2.560
    0.016	   -0.198	   -0.033	   -0.035	    0.559	    0.502	    0.465	   -2.540
    0.016	   -0.200	   -0.040	   -0.027	    0.555	    0.496	    0.461	   -2.520
    0.016	    0.002	    0.056	   -0.032	    0.533	    0.487	    0.455	   -2.500
    0.016	    0.002	    0.178	    0.035	    0.531	    0.478	    0.448	   -2.480
    0.016	   -0.122	    0.391	    0.151	    0.511	    0.467	    0.439	   -2.460
    0.015	   -0.179	    0.530	    0.295	    0.498	    0.456	    0.431	   -2.440
    0.015	   -0.181	    0.589	    0.406	    0.490	    0.447	    0.422	   -2.420
    0.014	    0.002	    0.587	    0.459	    0.478	    0.435	    0.412	   -2.400
    0.015	    0.002	    0.387	    0.425	    0.465	    0.427	    0.404	   -2.380
    0.014	    0.002	    0.352	    0.332	    0.458	    0.417	    0.393	   -2.360
    0.015	   -0.191	    0.480	    0.315	    0.428	    0.400	    0.381	   -2.340
    0.015	   -0.198	    0.296	    0.293	    0.412	    0.384	    0.369	   -2.320
    0.014	   -0.185	    0.058	    0.213	    0.399	    0.370	    0.355	   -2.300
    0.014	    0.002	    0.112	    0.161	    0.378	    0.352	    0.341	   -2.280
    0.015	    0.002	    0.221	    0.172	    0.361	    0.332	    0.324	   -2.260
    0.015	    0.001	    0.241	    0.207	    0.354	    0.319	    0.311	   -2.240
    0.015	   -0.138	    0.164	    0.177	    0.326	    0.305	    0.297	   -2.220
    0.015	   -0.174	    0.019	    0.098	    0.323	    0.292	    0.284	   -2.200
    0.015	   -0.202	   -0.179	   -0.029	    0.296	    0.280	    0.271	   -2.180
    0.015	    0.001	   -0.336	   -0.177	    0.279	    0.263	    0.257	   -2.160
    0.014	    0.002	   -0.413	   -0.299	    0.259	    0.243	    0.241	   -2.140
    0.015	    0.001	   -0.449	   -0.357	    0.236	    0.225	    0.225	   -2.120
    0.015	   -0.204	   -0.567	   -0.404	    0.223	    0.208	    0.209	   -2.100
    0.016	   -0.199	   -0.691	   -0.482	    0.207	    0.193	    0.194	   -2.080
    0.015	   -0.189	   -0.654	   -0.540	    0.227	    0.185	    0.181	   -2.060
    0.014	    0.002	   -0.570	   -0.543	    0.173	    0.163	    0.166	   -2.040
    0.014	    0.002	   -0.459	   -0.524	    0.137	    0.140	    0.148	   -2.020
    0.013	    0.002	   -0.348	   -0.482	    0.121	    0.120	    0.130	   -2.000
    0.014	   -0.179	   -0.287	   -0.433	    0.105	    0.102	    0.112	   -1.980
    0.014	   -0.197	   -0.242	   -0.385	    0.083	    0.083	    0.094	   -1.960
    0.014	   -0.200	   -0.225	   -0.345	    0.053	    0.059	    0.074	   -1.940
    0.015	    0.001	   -0.224	   -0.292	    0.029	    0.019	    0.045	   -1.920
    0.014	    0.001	   -0.192	   -0.246	    0.009	    0.006	    0.026	   -1.900
    0.014	   -0.193	   -0.103	   -0.206	   -0.001	   -0.005	    0.009	   -1.880
    0.015	   -0.198	   -0.080	   -0.144	   -0.011	   -0.020	   -0.005	   -1.860
    0.013	   -0.175	   -0.111	   -0.106	   -0.038	   -0.038	   -0.021	   -1.840
    0.015	    0.002	   -0.157	   -0.105	   -0.053	   -0.053	   -0.035	   -1.820
    0.014	    0.002	   -0.215	   -0.134	   -0.070	   -0.069	   -0.051	   -1.800
    0.015	    0.002	   -0.262	   -0.189	   -0.089	   -0.085	   -0.065	   -1.780
    0.015	   -0.196	   -0.258	   -0.251	   -0.101	   -0.100	   -0.081	   -1.760
    0.014	   -0.192	   -0.207	   -0.275	   -0.117	   -0.114	   -0.094	   -1.740
    0.014	   -0.207	   -0.124	   -0.265	   -0.134	   -0.131	   -0.110	   -1.720
    0.014	    0.002	   -0.036	   -0.217	   -0.143	   -0.141	   -0.123	   -1.700
    0.013	    0.002	   -0.019	   -0.149	   -0.150	   -0.150	   -0.135	   -1.680
    0.014	    0.002	   -0.108	   -0.116	   -0.159	   -0.160	   -0.144	   -1.660
    0.013	    0.321	   -0.199	   -0.114	   -0.160	   -0.167	   -0.152	   -1.640
    0.014	   -0.071	   -0.161	   -0.132	   -0.170	   -0.175	   -0.161	   -1.620
    0.013	   -0.177	    0.098	   -0.072	   -0.181	   -0.186	   -0.169	   -1.600
    0.014	    0.001	    0.252	    0.043	   -0.181	   -0.191	   -0.177	   -1.580
    0.014	    0.002	    0.284	    0.151	   -0.186	   -0.197	   -0.183	   -1.560
    0.014	   -0.197	    0.203	    0.183	   -0.190	   -0.200	   -0.188	   -1.540
    0.014	   -0.200	    0.030	    0.125	   -0.186	   -0.200	   -0.191	   -1.520
    0.013	   -0.202	   -0.185	   -0.014	   -0.186	   -0.201	   -0.193	   -1.500
    0.014	    0.001	   -0.250	   -0.149	   -0.185	   -0.201	   -0.195	   -1.480
    0.013	    0.002	   -0.306	   -0.243	   -0.189	   -0.201	   -0.196	   -1.460
    0.013	    0.001	   -0.506	   -0.355	   -0.186	   -0.203	   -0.197	   -1.440
    0.013	   -0.179	   -0.648	   -0.457	   -0.178	   -0.201	   -0.197	   -1.420
    0.013	   -0.184	   -0.735	   -0.545	   -0.184	   -0.201	   -0.197	   -1.400
    0.013	   -0.195	   -0.580	   -0.568	   -0.179	   -0.201	   -0.197	   -1.380
    0.013	    0.001	   -0.446	   -0.509	   -0.177	   -0.200	   -0.197	   -1.360
    0.013	    0.002	   -0.309	   -0.420	   -0.174	   -0.197	   -0.195	   -1.340
    0.013	    0.001	   -0.181	   -0.340	   -0.168	   -0.193	   -0.193	   -1.320
    0.013	   -0.196	   -0.101	   -0.273	   -0.158	   -0.187	   -0.190	   -1.300
    0.013	   -0.146	   -0.055	   -0.223	   -0.153	   -0.180	   -0.186	   -1.280
    0.014	   -0.177	   -0.047	   -0.184	   -0.148	   -0.174	   -0.181	   -1.260
    0.013	    0.002	   -0.037	   -0.156	   -0.143	   -0.170	   -0.175	   -1.240
    0.014	    0.002	   -0.050	   -0.117	   -0.128	   -0.162	   -0.170	   -1.220
    0.013	    0.002	   -0.116	   -0.094	   -0.121	   -0.155	   -0.164	   -1.200
    0.013	   -0.189	   -0.199	   -0.115	   -0.112	   -0.150	   -0.158	   -1.180
    0.013	   -0.193	   -0.240	   -0.150	   -0.103	   -0.143	   -0.151	   -1.160
    0.013	    0.001	   -0.237	   -0.176	   -0.097	   -0.135	   -0.144	   -1.140
    0.013	    0.001	   -0.220	   -0.196	   -0.088	   -0.125	   -0.137	   -1.120
    0.014	    0.001	   -0.165	   -0.214	   -0.080	   -0.117	   -0.129	   -1.100
    0.013	    0.002	   -0.135	   -0.217	   -0.065	   -0.105	   -0.121	   -1.080
    0.012	   -0.173	   -0.120	   -0.214	   -0.059	   -0.095	   -0.113	   -1.060
    0.013	   -0.186	   -0.111	   -0.209	   -0.048	   -0.088	   -0.104	   -1.040
    0.013	    0.001	   -0.095	   -0.191	   -0.033	   -0.077	   -0.096	   -1.020
    0.013	    0.001	   -0.118	   -0.161	   -0.026	   -0.066	   -0.086	   -1.000
    0.012	    0.002	   -0.114	   -0.130	   -0.012	   -0.056	   -0.077	   -0.980
    0.013	   -0.078	    0.007	   -0.118	   -0.002	   -0.049	   -0.069	   -0.960
    0.013	   -0.157	    0.033	   -0.071	    0.016	   -0.037	   -0.059	   -0.940
    0.013	    0.001	    0.080	   -0.014	    0.027	   -0.024	   -0.049	   -0.920
    0.013	    0.001	    0.049	    0.022	    0.041	   -0.013	   -0.038	   -0.900
    0.013	   -0.196	    0.007	    0.028	    0.052	    0.000	   -0.026	   -0.880
    0.014	   -0.205	   -0.059	    0.011	    0.063	    0.009	   -0.015	   -0.860
    0.014	   -0.191	   -0.150	   -0.034	    0.079	    0.023	   -0.004	   -0.840
    0.014	    0.001	   -0.175	   -0.094	    0.086	    0.033	    0.005	   -0.820
    0.013	    0.002	   -0.121	   -0.141	    0.095	    0.044	    0.016	   -0.800
    0.013	    0.001	   -0.096	   -0.160	    0.109	    0.056	    0.027	   -0.780
    0.013	   -0.198	   -0.084	   -0.169	    0.116	    0.066	    0.036	   -0.760
    0.013	   -0.155	   -0.074	   -0.168	    0.132	    0.080	    0.048	   -0.740
    0.012	   -0.154	   -0.069	   -0.161	    0.139	    0.089	    0.057	   -0.720
    0.013	    0.001	   -0.057	   -0.141	    0.146	    0.099	    0.067	   -0.700
    0.013	    0.001	   -0.072	   -0.114	    0.159	    0.107	    0.076	   -0.680
    0.012	   -0.204	   -0.030	   -0.099	    0.170	    0.116	    0.085	   -0.660
    0.013	    0.001	   -0.029	   -0.112	    0.174	    0.126	    0.094	   -0.640
    0.013	    0.001	   -0.019	   -0.109	    0.180	    0.134	    0.102	   -0.620
    0.013	    0.113	   -0.002	   -0.103	    0.186	    0.140	    0.110	   -0.600
    0.012	    0.324	    0.027	   -0.089	    0.193	    0.146	    0.116	   -0.580
    0.013	    0.059	    0.046	   -0.067	    0.193	    0.150	    0.121	   -0.560
    0.013	    0.001	    0.054	   -0.048	    0.201	    0.154	    0.126	   -0.540
    0.014	    0.002	    0.049	   -0.033	    0.204	    0.157	    0.130	   -0.520
    0.013	   -0.199	    0.031	   -0.019	    0.207	    0.160	    0.133	   -0.500
    0.014	   -0.203	    0.080	   -0.023	    0.209	    0.163	    0.137	   -0.480
    0.014	   -0.185	    0.158	    0.016	    0.211	    0.165	    0.139	   -0.460
    0.013	   -0.096	    0.158	    0.058	    0.207	    0.168	    0.142	   -0.440
    0.012	    0.001	    0.117	    0.091	    0.210	    0.165	    0.143	   -0.420
    0.013	    0.001	    0.078	    0.101	    0.213	    0.168	    0.145	   -0.400
    0.013	   -0.193	    0.038	    0.073	    0.214	    0.169	    0.147	   -0.380
    0.012	   -0.208	   -0.032	    0.042	    0.212	    0.167	    0.146	   -0.360
    0.012	    0.001	   -0.072	    0.008	    0.208	    0.165	    0.146	   -0.340
    0.013	    0.001	   -0.085	   -0.022	    0.204	    0.164	    0.146	   -0.320
    0.012	    0.002	   -0.066	   -0.047	    0.196	    0.161	    0.144	   -0.300
    0.013	   -0.201	   -0.018	   -0.066	    0.198	    0.158	    0.141	   -0.280
    0.012	   -0.181	    0.013	   -0.071	    0.025	    0.113	    0.127	   -0.260
    0.013	   -0.190	    0.024	   -0.072	    0.210	    0.138	    0.123	   -0.240
    0.013	    0.001	   -0.042	   -0.082	    0.194	    0.147	    0.124	   -0.220
    0.013	    0.001	   -0.100	   -0.111	    0.180	    0.141	    0.123	   -0.200
    0.012	   -0.160	   -0.143	   -0.142	    0.161	    0.133	    0.119	   -0.180
    0.012	    0.001	   -0.200	   -0.169	    0.148	    0.126	    0.115	   -0.160
    0.013	    0.002	   -0.229	   -0.193	    0.145	    0.119	    0.111	   -0.140
    0.013	   -0.191	   -0.250	   -0.211	    0.140	    0.111	    0.104	   -0.120
    0.012	    0.001	   -0.221	   -0.233	    0.125	    0.101	    0.097	   -0.100
    0.000	    0.000	    0.000	    0.000	    0.000	    0.000	    0.000	   -0.080
    0.000	    0.000	    0.000	    0.000	    0.000	    0.000	    0.000	   -0.060
    0.013	    0.382	   -0.096	   -0.226	    0.090	    0.088	    0.087	   -0.040
    0.013	    0.000	    0.011	   -0.167	    0.074	    0.068	    0.074	   -0.020
    0.013	   -0.174	    0.321	   -0.025	    0.057	    0.052	    0.060	    0.000
    0.012	   -0.194	    0.392	    0.133	    0.049	    0.039	    0.047	    0.020
    0.013	    0.000	    0.403	    0.223	    0.047	    0.030	    0.035	    0.040
    0.013	   -0.114	    0.299	    0.253	    0.039	    0.022	    0.025	    0.060
    0.013	    0.001	    0.090	    0.205	    0.039	    0.015	    0.017	    0.080
    0.012	    0.001	   -0.008	    0.121	    0.025	    0.009	    0.009	    0.100
    0.013	   -0.204	   -0.049	    0.045	    0.018	   -0.001	    0.002	    0.120
    0.013	    0.001	   -0.038	   -0.001	    0.010	   -0.008	   -0.006	    0.140
    0.014	   -0.197	   -0.041	   -0.040	   -0.005	   -0.017	   -0.014	    0.160
    0.014	   -0.189	   -0.127	   -0.094	   -0.008	   -0.023	   -0.021	    0.180
    0.014	    0.000	   -0.214	   -0.148	   -0.009	   -0.029	   -0.028	    0.200
    0.000	    0.000	    0.000	    0.000	    0.000	    0.000	    0.000	    0.220
    0.014	    0.001	   -0.244	   -0.197	   -0.016	   -0.036	   -0.034	    0.240
    0.013	   -0.211	   -0.126	   -0.194	   -0.013	   -0.040	   -0.040	    0.260
    0.013	    0.001	    0.088	   -0.125	   -0.025	   -0.045	   -0.045	    0.280
    0.012	    0.002	    0.175	   -0.029	   -0.031	   -0.049	   -0.050	    0.300
    0.012	   -0.186	    0.147	    0.020	   -0.024	   -0.050	   -0.053	    0.320
    0.012	    0.002	    0.068	    0.020	   -0.025	   -0.050	   -0.055	    0.340
    0.012	   -0.191	   -0.079	   -0.001	   -0.020	   -0.050	   -0.055	    0.360
    0.013	    0.000	   -0.122	   -0.062	   -0.016	   -0.049	   -0.055	    0.380
    0.012	   -0.196	   -0.060	   -0.099	   -0.025	   -0.051	   -0.056	    0.400
    0.012	   -0.198	   -0.029	   -0.111	   -0.021	   -0.049	   -0.056	    0.420
    0.013	    0.000	    0.016	   -0.091	   -0.020	   -0.049	   -0.056	    0.440
    0.012	    0.410	    0.025	   -0.053	   -0.013	   -0.047	   -0.055	    0.460
    0.012	    0.284	    0.027	   -0.030	   -0.016	   -0.045	   -0.055	    0.480
    0.013	    0.000	   -0.040	   -0.028	   -0.006	   -0.040	   -0.052	    0.500
    0.013	    0.045	    0.028	   -0.045	   -0.011	   -0.039	   -0.049	    0.520
    0.013	    0.000	    0.047	   -0.038	   -0.004	   -0.038	   -0.048	    0.540
    0.013	    0.001	    0.122	   -0.024	   -0.005	   -0.036	   -0.047	    0.560
    0.013	   -0.111	    0.241	    0.036	   -0.007	   -0.036	   -0.045	    0.580
    0.013	    0.001	    0.261	    0.108	   -0.005	   -0.035	   -0.044	    0.600
    0.013	    0.001	    0.191	    0.144	   -0.003	   -0.035	   -0.043	    0.620
    0.012	   -0.142	    0.091	    0.130	   -0.004	   -0.036	   -0.042	    0.640
    0.013	    0.001	    0.050	    0.075	   -0.004	   -0.033	   -0.042	    0.660
    0.013	   -0.138	    0.028	    0.034	    0.002	   -0.031	   -0.041	    0.680
    0.013	   -0.147	   -0.007	   -0.011	   -0.002	   -0.030	   -0.040	    0.700
    0.013	    0.001	   -0.036	   -0.050	    0.003	   -0.028	   -0.040	    0.720
    0.013	    0.001	   -0.086	   -0.077	    0.002	   -0.027	   -0.038	    0.740
    0.013	   -0.167	   -0.244	   -0.150	    0.003	   -0.026	   -0.036	    0.760
    0.013	   -0.172	   -0.304	   -0.241	    0.003	   -0.026	   -0.036	    0.780
    0.012	    0.001	   -0.301	   -0.300	    0.000	   -0.026	   -0.036	    0.800
    0.012	    0.000	   -0.273	   -0.315	   -0.001	   -0.028	   -0.036	    0.820
    0.013	   -0.172	   -0.261	   -0.314	    0.004	   -0.025	   -0.035	    0.840
    0.013	    0.001	   -0.247	   -0.308	    0.006	   -0.028	   -0.035	    0.860
    0.013	    0.001	   -0.216	   -0.290	    0.007	   -0.025	   -0.034	    0.880
    0.013	   -0.184	   -0.250	   -0.268	    0.004	   -0.023	   -0.034	    0.900
    0.013	    0.002	   -0.238	   -0.254	    0.011	   -0.023	   -0.032	    0.920
    0.013	   -0.191	   -0.203	   -0.257	    0.004	   -0.021	   -0.031	    0.940
    0.012	   -0.196	   -0.128	   -0.234	    0.003	   -0.023	   -0.031	    0.960
    0.013	    0.001	   -0.190	   -0.215	    0.008	   -0.023	   -0.032	    0.980
    0.012	    0.001	   -0.091	   -0.213	    0.005	   -0.023	   -0.031	    1.000
    0.013	   -0.193	   -0.097	   -0.190	    0.002	   -0.022	   -0.031	    1.020
    0.013	   -0.197	   -0.113	   -0.190	    0.011	   -0.020	   -0.031	    1.040
    0.012	    0.001	   -0.182	   -0.176	    0.009	   -0.019	   -0.029	    1.060
    0.012	   -0.199	   -0.196	   -0.193	    0.011	   -0.020	   -0.028	    1.080
    0.012	    0.001	   -0.144	   -0.193	    0.010	   -0.020	   -0.029	    1.100
    0.012	   -0.202	   -0.109	   -0.182	    0.009	   -0.019	   -0.029	    1.120
    0.012	   -0.195	   -0.120	   -0.185	    0.007	   -0.017	   -0.028	    1.140
    0.013	    0.001	   -0.129	   -0.182	    0.013	   -0.017	   -0.027	    1.160
    0.013	   -0.190	   -0.163	   -0.179	    0.018	   -0.017	   -0.027	    1.180
    0.012	    0.001	   -0.199	   -0.190	   -0.046	   -0.043	   -0.035	    1.200
    0.012	   -0.202	   -0.116	   -0.196	   -0.266	   -0.136	   -0.073	    1.220
    0.012	    0.001	   -0.115	   -0.184	   -0.277	   -0.185	   -0.116	    1.240
    0.013	    0.001	   -0.115	   -0.181	   -0.229	   -0.194	   -0.147	    1.260
    0.013	   -0.185	   -0.146	   -0.177	   -0.169	   -0.185	   -0.162	    1.280
    0.013	    0.000	   -0.200	   -0.182	   -0.107	   -0.171	   -0.167	    1.300
    0.013	    0.000	   -0.193	   -0.182	   -0.111	   -0.169	   -0.169	    1.320
    0.013	   -0.196	   -0.180	   -0.186	   -0.198	   -0.199	   -0.180	    1.340
    0.000	    0.000	    0.000	    0.000	    0.000	    0.000	    0.000	    1.360
    0.000	    0.000	    0.000	    0.000	    0.000	    0.000	    0.000	    1.380
    0.000	    0.000	    0.000	    0.000	    0.000	    0.000	    0.000	    1.400
    0.013	    0.001	   -0.122	   -0.205	   -0.259	   -0.229	   -0.198	    1.420
    0.013	   -0.180	   -0.154	   -0.190	   -0.176	   -0.212	   -0.204	    1.440
    0.013	    0.001	   -0.135	   -0.176	   -0.180	   -0.211	   -0.205	    1.460
    0.012	   -0.185	   -0.070	   -0.137	   -0.298	   -0.264	   -0.226	    1.480
    0.012	   -0.193	   -0.050	   -0.104	   -0.379	   -0.328	   -0.262	    1.500
    0.013	    0.001	   -0.034	   -0.077	   -0.370	   -0.359	   -0.298	    1.520
    0.012	   -0.188	    0.041	   -0.063	   -0.428	   -0.382	   -0.326	    1.540
    0.013	    0.001	    0.029	   -0.045	   -0.309	   -0.348	   -0.331	    1.560
    0.013	   -0.167	   -0.034	   -0.038	   -0.173	   -0.282	   -0.311	    1.580
    0.013	   -0.167	   -0.035	   -0.032	   -0.170	   -0.263	   -0.290	    1.600
    0.013	    0.002	   -0.036	   -0.039	   -0.200	   -0.258	   -0.275	    1.620
    0.013	   -0.169	    0.017	   -0.043	   -0.277	   -0.271	   -0.269	    1.640
    0.013	   -0.189	    0.028	   -0.040	   -0.308	   -0.277	   -0.267	    1.660
    0.000	    0.000	    0.000	    0.000	    0.000	    0.000	    0.000	    1.680
    0.013	   -0.173	   -0.042	   -0.061	   -0.209	   -0.245	   -0.256	    1.700
    0.013	    0.001	    0.020	   -0.060	   -0.277	   -0.259	   -0.252	    1.720
    0.013	    0.001	   -0.013	   -0.069	   -0.218	   -0.229	   -0.240	    1.740
    0.013	   -0.190	   -0.052	   -0.097	   -0.162	   -0.185	   -0.215	    1.760
    0.013	   -0.194	   -0.018	   -0.110	   -0.202	   -0.172	   -0.193	    1.780
    0.012	    0.001	    0.126	   -0.066	   -0.340	   -0.225	   -0.197	    1.800
    0.013	   -0.175	    0.331	    0.043	   -0.601	   -0.361	   -0.251	    1.820
    0.012	   -0.170	    0.392	    0.174	   -0.693	   -0.504	   -0.343	    1.840
    0.013	    0.001	    0.371	    0.262	   -0.611	   -0.575	   -0.431	    1.860
    0.013	   -0.161	    0.143	    0.253	   -0.282	   -0.498	   -0.461	    1.880
    0.013	    0.001	    0.035	    0.135	   -0.003	   -0.315	   -0.406	    1.900
    0.013	   -0.159	   -0.053	    0.043	    0.236	   -0.089	   -0.282	    1.920
    0.013	    0.002	    0.081	   -0.004	    0.064	   -0.026	   -0.176	    1.940
    0.000	    0.000	    0.000	    0.000	    0.000	    0.000	    0.000	    1.960
    0.000	    0.000	    0.000	    0.000	    0.000	    0.000	    0.000	    1.980
    0.013	    0.000	   -0.089	   -0.024	   -0.079	   -0.075	   -0.133	    2.000
    0.013	   -0.147	   -0.224	   -0.115	    0.140	    0.002	   -0.083	    2.020
    0.013	    0.001	   -0.348	   -0.196	    0.370	    0.137	   -0.003	    2.040
    0.013	   -0.108	   -0.340	   -0.270	    0.262	    0.169	    0.061	    2.060
    0.013	   -0.077	   -0.243	   -0.317	   -0.026	    0.096	    0.075	    2.080
    0.013	    0.001	   -0.180	   -0.293	   -0.195	   -0.007	    0.045	    2.100
    0.013	   -0.032	   -0.093	   -0.220	   -0.339	   -0.146	   -0.029	    2.120
    0.012	    0.001	   -0.121	   -0.176	   -0.298	   -0.221	   -0.107	    2.140
    0.013	    0.403	   -0.068	   -0.135	   -0.281	   -0.269	   -0.173	    2.160
    0.012	    0.001	   -0.025	   -0.088	   -0.297	   -0.304	   -0.226	    2.180
    0.013	    0.128	    0.059	   -0.066	   -0.396	   -0.343	   -0.269	    2.200
    0.012	    0.265	    0.054	   -0.034	   -0.265	   -0.307	   -0.283	    2.220
    0.012	    0.001	   -0.015	   -0.027	   -0.103	   -0.233	   -0.264	    2.240
    0.012	    0.075	   -0.049	   -0.040	   -0.027	   -0.170	   -0.228	    2.260
    0.013	    0.001	   -0.041	   -0.041	   -0.072	   -0.155	   -0.198	    2.280
    0.012	   -0.001	    0.002	   -0.047	   -0.170	   -0.172	   -0.185	    2.300
    0.013	    0.065	   -0.014	   -0.067	   -0.141	   -0.168	   -0.178	    2.320
    0.013	    0.001	    0.036	   -0.054	   -0.197	   -0.179	   -0.175	    2.340
    0.013	    0.083	   -0.047	   -0.038	   -0.009	   -0.120	   -0.157	    2.360
    0.013	    0.071	   -0.038	   -0.038	   -0.036	   -0.113	   -0.141	    2.380
    0.013	    0.001	   -0.023	   -0.047	   -0.138	   -0.134	   -0.138	    2.400
    0.013	   -0.033	    0.037	   -0.045	   -0.226	   -0.169	   -0.149	    2.420
    0.012	    0.000	    0.038	   -0.039	   -0.206	   -0.176	   -0.158	    2.440
    0.013	    0.001	    0.029	   -0.038	   -0.153	   -0.161	   -0.158	    2.460
    0.012	    0.001	   -0.042	   -0.036	   -0.046	   -0.125	   -0.147	    2.480
    0.013	    0.001	    0.026	   -0.042	   -0.195	   -0.163	   -0.151	    2.500
    0.013	    0.379	    0.087	   -0.021	   -0.249	   -0.194	   -0.166	    2.520
    0.013	    0.000	    0.065	   -0.016	   -0.189	   -0.183	   -0.171	    2.540
    0.013	   -0.181	    0.017	   -0.015	   -0.100	   -0.151	   -0.164	    2.560
    0.012	    0.363	    0.024	   -0.006	   -0.041	   -0.122	   -0.149	    2.580
    0.013	   -0.000	    0.003	   -0.006	   -0.001	   -0.095	   -0.131	    2.600
    0.012	    0.295	    0.025	    0.006	   -0.041	   -0.100	   -0.120	    2.620
    0.012	    0.001	    0.117	    0.009	   -0.199	   -0.147	   -0.129	    2.640
    0.013	    0.414	    0.111	    0.034	   -0.090	   -0.128	   -0.130	    2.660
    0.013	    0.407	    0.138	    0.033	   -0.094	   -0.115	   -0.124	    2.680
    0.012	    0.001	    0.158	    0.029	   -0.121	   -0.106	   -0.115	    2.700
    0.011	    0.000	    0.146	    0.031	   -0.127	   -0.101	   -0.108	    2.720
    0.013	    0.000	    0.066	    0.052	   -0.023	   -0.082	   -0.100	    2.740
    0.012	    0.001	    0.058	    0.055	   -0.036	   -0.091	   -0.100	    2.760
    0.012	    0.000	    0.058	    0.044	   -0.083	   -0.111	   -0.106	    2.780
    0.013	    0.321	    0.069	    0.052	   -0.075	   -0.114	   -0.112	    2.800
    0.012	    0.376	    0.126	    0.060	   -0.105	   -0.122	   -0.117	    2.820
    0.013	    0.001	    0.124	    0.070	   -0.092	   -0.114	   -0.117	    2.840
    0.012	    0.139	    0.144	    0.072	   -0.116	   -0.114	   -0.116	    2.860
    0.012	    0.197	    0.114	    0.074	   -0.068	   -0.094	   -0.109	    2.880
    0.013	    0.230	    0.131	    0.088	   -0.043	   -0.083	   -0.099	    2.900
    0.013	    0.001	    0.101	    0.094	   -0.003	   -0.066	   -0.089	    2.920
    0.012	    0.000	    0.109	    0.083	   -0.035	   -0.065	   -0.081	    2.940
    0.013	   -0.089	    0.063	    0.085	    0.010	   -0.054	   -0.074	    2.960
    0.013	   -0.193	    0.068	    0.074	   -0.002	   -0.060	   -0.072	    2.980
    0.012	    0.001	    0.038	    0.073	    0.008	   -0.060	   -0.072	    3.000
    0.013	    0.001	    0.050	    0.070	    0.005	   -0.066	   -0.074	    3.020
    0.012	    0.002	    0.040	    0.066	   -0.001	   -0.072	   -0.078	    3.040
    0.012	   -0.150	    0.024	    0.053	   -0.013	   -0.081	   -0.083	    3.060
    0.013	    0.171	    0.040	    0.052	   -0.021	   -0.089	   -0.090	    3.080
    0.013	    0.001	    0.039	    0.049	   -0.015	   -0.092	   -0.095	    3.100
    0.012	    0.002	    0.045	    0.045	   -0.040	   -0.097	   -0.099	    3.120
    0.013	    0.082	    0.034	    0.035	   -0.023	   -0.091	   -0.099	    3.140
    0.013	    0.110	    0.051	    0.031	   -0.039	   -0.093	   -0.099	    3.160
    0.012	    0.001	    0.055	    0.030	   -0.037	   -0.090	   -0.099	    3.180
    0.012	    0.001	    0.083	    0.023	   -0.091	   -0.102	   -0.101	    3.200
    0.012	    0.223	    0.093	    0.026	   -0.109	   -0.111	   -0.105	    3.220
    0.012	    0.372	    0.128	    0.030	   -0.142	   -0.126	   -0.114	    3.240
    0.012	    0.303	    0.151	    0.048	   -0.122	   -0.124	   -0.118	    3.260
    0.013	    0.001	    0.159	    0.057	   -0.114	   -0.115	   -0.116	    3.280
    0.013	    0.001	    0.143	    0.055	   -0.104	   -0.105	   -0.110	    3.300
    0.012	    0.165	    0.145	    0.046	   -0.129	   -0.100	   -0.105	    3.320
    0.012	    0.288	    0.150	    0.049	   -0.128	   -0.103	   -0.103	    3.340
    0.013	    0.170	    0.161	    0.061	   -0.114	   -0.096	   -0.099	    3.360
    0.013	    0.002	    0.158	    0.075	   -0.112	   -0.096	   -0.098	    3.380
    0.013	    0.001	    0.130	    0.082	   -0.096	   -0.096	   -0.097	    3.400
    0.013	   -0.036	    0.116	    0.080	   -0.099	   -0.104	   -0.100	    3.420
    0.013	   -0.024	    0.131	    0.071	   -0.147	   -0.121	   -0.109	    3.440
    0.013	    0.001	    0.136	    0.074	   -0.127	   -0.120	   -0.113	    3.460
    0.013	    0.001	    0.111	    0.073	   -0.104	   -0.114	   -0.113	    3.480
    0.013	   -0.128	    0.087	    0.065	   -0.103	   -0.114	   -0.114	    3.500
    0.013	   -0.190	    0.027	    0.052	   -0.073	   -0.108	   -0.114	    3.520
    0.013	    0.000	    0.023	    0.033	   -0.089	   -0.115	   -0.115	    3.540
    0.013	    0.001	    0.012	    0.025	   -0.079	   -0.115	   -0.117	    3.560
    0.012	    0.122	    0.016	    0.020	   -0.088	   -0.120	   -0.120	    3.580
    0.012	   -0.146	   -0.009	    0.009	   -0.088	   -0.128	   -0.125	    3.600
    0.012	    0.001	   -0.003	    0.004	   -0.096	   -0.134	   -0.130	    3.620
    0.013	    0.001	   -0.007	    0.003	   -0.086	   -0.135	   -0.134	    3.640
    0.013	   -0.189	   -0.017	   -0.003	   -0.094	   -0.138	   -0.138	    3.660
    0.013	   -0.186	   -0.041	   -0.013	   -0.096	   -0.143	   -0.141	    3.680
    0.012	    0.001	   -0.044	   -0.023	   -0.117	   -0.156	   -0.149	    3.700
    0.013	    0.002	   -0.046	   -0.028	   -0.128	   -0.168	   -0.157	    3.720
    0.012	   -0.197	   -0.052	   -0.033	   -0.136	   -0.179	   -0.168	    3.740
    0.012	   -0.200	   -0.060	   -0.037	   -0.138	   -0.187	   -0.176	    3.760
    0.012	   -0.201	   -0.079	   -0.046	   -0.138	   -0.193	   -0.184	    3.780
    0.012	    0.002	   -0.086	   -0.053	   -0.134	   -0.193	   -0.190	    3.800
    0.012	    0.001	   -0.079	   -0.056	   -0.131	   -0.196	   -0.194	    3.820
    0.013	   -0.192	   -0.087	   -0.059	   -0.122	   -0.197	   -0.196	    3.840
    0.012	   -0.193	   -0.102	   -0.067	   -0.131	   -0.197	   -0.197	    3.860
    0.012	   -0.191	   -0.100	   -0.100	   -0.198	   -0.215	   -0.204	    3.880
    0.013	    0.000	   -0.059	   -0.105	   -0.262	   -0.233	   -0.213	    3.900
    0.013	   -0.190	   -0.077	   -0.099	   -0.243	   -0.237	   -0.220	    3.920
    0.013	   -0.187	   -0.094	   -0.101	   -0.219	   -0.234	   -0.224	    3.940
    0.012	   -0.187	   -0.149	   -0.107	   -0.147	   -0.212	   -0.219	    3.960
    0.012	    0.001	   -0.109	   -0.128	   -0.211	   -0.219	   -0.218	    3.980
    0.012	    0.000	   -0.121	   -0.125	   -0.186	   -0.210	   -0.213	    4.000
    0.013	   -0.201	   -0.132	   -0.130	   -0.175	   -0.204	   -0.208	    4.020
    0.012	   -0.189	   -0.153	   -0.136	   -0.172	   -0.201	   -0.204	    4.040
    0.012	    0.001	   -0.113	   -0.139	   -0.222	   -0.216	   -0.206	    4.060
    0.013	    0.001	   -0.092	   -0.117	   -0.239	   -0.237	   -0.217	    4.080
    0.013	   -0.196	   -0.084	   -0.103	   -0.249	   -0.254	   -0.229	    4.100
    0.013	   -0.203	   -0.077	   -0.097	   -0.275	   -0.272	   -0.244	    4.120
    0.013	    0.001	   -0.067	   -0.091	   -0.278	   -0.282	   -0.257	    4.140
    0.013	    0.002	   -0.068	   -0.080	   -0.240	   -0.275	   -0.263	    4.160
    0.013	   -0.190	   -0.076	   -0.078	   -0.214	   -0.261	   -0.260	    4.180
    0.013	   -0.196	   -0.085	   -0.081	   -0.205	   -0.251	   -0.255	    4.200
    0.013	    0.002	   -0.087	   -0.081	   -0.201	   -0.244	   -0.249	    4.220
    0.013	    0.001	   -0.078	   -0.077	   -0.188	   -0.238	   -0.244	    4.240
    0.013	   -0.189	   -0.083	   -0.078	   -0.185	   -0.232	   -0.238	    4.260
    0.013	   -0.197	   -0.083	   -0.087	   -0.209	   -0.233	   -0.233	    4.280
    0.012	    0.001	   -0.062	   -0.090	   -0.239	   -0.238	   -0.233	    4.300
    0.012	   -0.187	   -0.056	   -0.086	   -0.250	   -0.247	   -0.236	    4.320
    0.013	   -0.187	   -0.038	   -0.083	   -0.269	   -0.254	   -0.240	    4.340
    0.012	    0.001	   -0.039	   -0.078	   -0.263	   -0.257	   -0.243	    4.360
    0.012	    0.001	   -0.046	   -0.076	   -0.247	   -0.254	   -0.246	    4.380
    0.013	   -0.194	   -0.043	   -0.075	   -0.243	   -0.251	   -0.244	    4.400
    0.013	   -0.201	   -0.026	   -0.076	   -0.262	   -0.250	   -0.243	    4.420
    0.012	    0.001	   -0.031	   -0.074	   -0.251	   -0.248	   -0.242	    4.440
    0.013	    0.001	   -0.026	   -0.071	   -0.259	   -0.251	   -0.242	    4.460
    0.012	   -0.199	   -0.025	   -0.064	   -0.259	   -0.254	   -0.244	    4.480
    0.013	   -0.190	   -0.010	   -0.061	   -0.275	   -0.259	   -0.246	    4.500
    0.013	    0.001	   -0.015	   -0.060	   -0.261	   -0.257	   -0.247	    4.520
    0.012	    0.002	   -0.020	   -0.060	   -0.257	   -0.254	   -0.246	    4.540
    0.012	   -0.195	   -0.023	   -0.060	   -0.247	   -0.250	   -0.244	    4.560
    0.012	   -0.186	   -0.023	   -0.058	   -0.243	   -0.246	   -0.241	    4.580
    0.012	    0.001	   -0.023	   -0.058	   -0.239	   -0.241	   -0.239	    4.600
    0.012	    0.000	   -0.037	   -0.059	   -0.223	   -0.235	   -0.235	    4.620
    0.012	    0.001	   -0.046	   -0.058	   -0.190	   -0.222	   -0.227	    4.640
    0.013	   -0.194	   -0.048	   -0.063	   -0.187	   -0.215	   -0.221	    4.660
    0.013	   -0.190	   -0.082	   -0.072	   -0.173	   -0.204	   -0.213	    4.680
    0.013	    0.001	   -0.096	   -0.081	   -0.164	   -0.201	   -0.208	    4.700
    0.013	    0.000	   -0.090	   -0.085	   -0.163	   -0.199	   -0.204	    4.720
    0.013	   -0.194	   -0.077	   -0.091	   -0.190	   -0.206	   -0.202	    4.740
    0.013	    0.001	   -0.060	   -0.094	   -0.219	   -0.212	   -0.204	    4.760
    0.013	    0.000	   -0.041	   -0.095	   -0.255	   -0.226	   -0.210	    4.780
    0.013	   -0.179	   -0.046	   -0.094	   -0.241	   -0.222	   -0.212	    4.800
    0.013	   -0.180	   -0.045	   -0.093	   -0.242	   -0.222	   -0.212	    4.820
    0.013	    0.001	   -0.052	   -0.098	   -0.238	   -0.223	   -0.214	    4.840
    0.013	    0.001	   -0.061	   -0.100	   -0.231	   -0.222	   -0.215	    4.860
    0.014	   -0.185	   -0.072	   -0.102	   -0.218	   -0.217	   -0.213	    4.880
    0.013	   -0.157	   -0.077	   -0.103	   -0.214	   -0.213	   -0.211	    4.900
    0.013	    0.001	   -0.080	   -0.107	   -0.220	   -0.218	   -0.211	    4.920
    0.013	    0.001	   -0.118	   -0.104	   -0.172	   -0.208	   -0.210	    4.940
    0.012	    0.002	   -0.109	   -0.107	   -0.166	   -0.202	   -0.207	    4.960
    0.013	    0.001	   -0.127	   -0.096	   -0.081	   -0.178	   -0.197	    4.980
    0.013	    0.001	   -0.135	   -0.112	   -0.056	   -0.151	   -0.180	    5.000
    0.012	   -0.164	   -0.159	   -0.130	   -0.037	   -0.128	   -0.161	    5.020
    0.012	    0.001	   -0.157	   -0.131	   -0.078	   -0.138	   -0.153	    5.040
    0.012	    0.001	   -0.150	   -0.130	   -0.117	   -0.159	   -0.156	    5.060
    0.012	   -0.155	   -0.149	   -0.125	   -0.138	   -0.181	   -0.168	    5.080
    0.012	   -0.206	   -0.151	   -0.128	   -0.166	   -0.201	   -0.182	    5.100
    0.014	    0.001	   -0.135	   -0.121	   -0.180	   -0.222	   -0.199	    5.120
    0.013	    0.002	   -0.117	   -0.109	   -0.183	   -0.235	   -0.214	    5.140
    0.012	   -0.158	   -0.117	   -0.101	   -0.179	   -0.242	   -0.226	    5.160
    0.013	    0.001	   -0.071	   -0.112	   -0.276	   -0.268	   -0.240	    5.180
    0.013	   -0.001	   -0.024	   -0.105	   -0.323	   -0.286	   -0.255	    5.200
    0.012	   -0.164	   -0.041	   -0.099	   -0.246	   -0.263	   -0.255	    5.220
    0.013	    0.001	   -0.114	   -0.101	   -0.110	   -0.208	   -0.237	    5.240
    0.012	   -0.165	   -0.130	   -0.115	   -0.094	   -0.181	   -0.214	    5.260
    0.011	    0.000	   -0.041	   -0.128	   -0.287	   -0.226	   -0.214	    5.280
    0.012	   -0.164	   -0.128	   -0.111	   -0.118	   -0.194	   -0.207	    5.300
    0.013	    0.001	   -0.117	   -0.111	   -0.155	   -0.204	   -0.206	    5.320
    0.012	   -0.167	   -0.106	   -0.110	   -0.210	   -0.222	   -0.213	    5.340
    0.013	   -0.155	   -0.052	   -0.115	   -0.303	   -0.260	   -0.227	    5.360
    0.013	   -0.001	   -0.030	   -0.105	   -0.318	   -0.273	   -0.241	    5.380
    0.013	   -0.165	   -0.040	   -0.109	   -0.265	   -0.255	   -0.244	    5.400
    0.012	   -0.172	   -0.055	   -0.117	   -0.234	   -0.236	   -0.237	    5.420
    0.012	    0.002	   -0.057	   -0.120	   -0.220	   -0.220	   -0.227	    5.440
    0.013	    0.000	   -0.123	   -0.123	   -0.107	   -0.187	   -0.211	    5.460
    0.012	   -0.186	   -0.038	   -0.146	   -0.285	   -0.227	   -0.213	    5.480
    0.013	   -0.186	   -0.066	   -0.134	   -0.223	   -0.222	   -0.213	    5.500
    0.013	    0.001	   -0.135	   -0.128	   -0.133	   -0.199	   -0.208	    5.520
    0.013	   -0.194	   -0.048	   -0.140	   -0.315	   -0.248	   -0.219	    5.540
    0.013	   -0.186	   -0.097	   -0.121	   -0.212	   -0.239	   -0.226	    5.560
    0.013	   -0.192	   -0.142	   -0.127	   -0.145	   -0.217	   -0.222	    5.580
    0.013	    0.001	   -0.106	   -0.135	   -0.258	   -0.247	   -0.229	    5.600
    0.011	   -0.181	   -0.041	   -0.126	   -0.340	   -0.282	   -0.245	    5.620
    0.013	    0.001	   -0.054	   -0.114	   -0.250	   -0.263	   -0.250	    5.640
    0.012	   -0.197	   -0.124	   -0.112	   -0.143	   -0.227	   -0.241	    5.660
    0.012	    0.001	   -0.111	   -0.132	   -0.204	   -0.228	   -0.234	    5.680
    0.000	    0.000	    0.000	    0.000	    0.000	    0.000	    0.000	    5.700
    0.000	    0.000	    0.000	    0.000	    0.000	    0.000	    0.000	    5.720
    0.012	   -0.188	   -0.095	   -0.141	   -0.246	   -0.246	   -0.237	    5.740
    0.012	    0.001	   -0.028	   -0.124	   -0.331	   -0.278	   -0.248	    5.760
    0.013	   -0.175	   -0.071	   -0.106	   -0.200	   -0.249	   -0.246	    5.780
    0.013	    0.001	   -0.119	   -0.110	   -0.128	   -0.215	   -0.235	    5.800
    0.013	    0.000	   -0.100	   -0.114	   -0.210	   -0.232	   -0.231	    5.820
    0.013	   -0.184	   -0.029	   -0.110	   -0.317	   -0.268	   -0.241	    5.840
    0.013	    0.000	   -0.050	   -0.086	   -0.229	   -0.258	   -0.247	    5.860
    0.013	   -0.188	   -0.111	   -0.098	   -0.137	   -0.222	   -0.236	    5.880
    0.013	    0.000	   -0.034	   -0.110	   -0.288	   -0.255	   -0.238	    5.900
    0.013	   -0.195	   -0.035	   -0.098	   -0.279	   -0.259	   -0.244	    5.920
    0.012	    0.001	   -0.088	   -0.099	   -0.155	   -0.220	   -0.233	    5.940
    0.013	   -0.194	   -0.128	   -0.110	   -0.102	   -0.189	   -0.216	    5.960
    0.013	    0.001	   -0.112	   -0.114	   -0.184	   -0.208	   -0.211	    5.980
    0.012	   -0.195	   -0.045	   -0.109	   -0.267	   -0.243	   -0.221	    6.000
    0.012	    0.002	   -0.121	   -0.111	   -0.134	   -0.209	   -0.216	    6.020
    0.012	    0.002	   -0.104	   -0.124	   -0.210	   -0.222	   -0.218	    6.040
    0.012	   -0.203	   -0.033	   -0.119	   -0.318	   -0.259	   -0.230	    6.060
    0.013	    0.001	   -0.049	   -0.108	   -0.247	   -0.250	   -0.235	    6.080
    0.012	   -0.196	   -0.121	   -0.108	   -0.134	   -0.213	   -0.227	    6.100
    0.013	    0.001	   -0.085	   -0.133	   -0.232	   -0.225	   -0.223	    6.120
    0.013	   -0.203	   -0.040	   -0.116	   -0.294	   -0.254	   -0.231	    6.140
    0.013	    0.001	   -0.048	   -0.110	   -0.243	   -0.242	   -0.233	    6.160
    0.013	   -0.190	   -0.075	   -0.109	   -0.201	   -0.232	   -0.230	    6.180
    0.013	   -0.203	   -0.103	   -0.111	   -0.164	   -0.216	   -0.224	    6.200
    0.013	    0.001	   -0.099	   -0.118	   -0.170	   -0.213	   -0.219	    6.220
    0.012	    0.002	   -0.118	   -0.120	   -0.153	   -0.204	   -0.213	    6.240
    0.013	   -0.197	   -0.114	   -0.115	   -0.169	   -0.211	   -0.212	    6.260
    0.012	   -0.207	   -0.116	   -0.107	   -0.212	   -0.238	   -0.222	    6.280
    0.012	   -0.192	   -0.043	   -0.118	   -0.357	   -0.291	   -0.245	    6.300
    0.013	   -0.190	   -0.059	   -0.121	   -0.310	   -0.288	   -0.258	    6.320
    0.013	    0.001	   -0.123	   -0.116	   -0.182	   -0.255	   -0.256	    6.340
    0.013	   -0.206	   -0.126	   -0.119	   -0.173	   -0.244	   -0.250	    6.360
    0.013	    0.001	   -0.099	   -0.120	   -0.266	   -0.270	   -0.255	    6.380
    0.013	   -0.213	   -0.043	   -0.112	   -0.340	   -0.298	   -0.267	    6.400
    0.013	   -0.197	   -0.018	   -0.097	   -0.358	   -0.314	   -0.281	    6.420
    0.013	    0.001	   -0.022	   -0.101	   -0.315	   -0.298	   -0.283	    6.440
    0.012	   -0.197	   -0.111	   -0.088	   -0.125	   -0.238	   -0.265	    6.460
    0.012	    0.001	   -0.116	   -0.103	   -0.120	   -0.211	   -0.243	    6.480
    0.012	   -0.200	   -0.061	   -0.113	   -0.266	   -0.240	   -0.237	    6.500
    0.012	    0.000	   -0.031	   -0.103	   -0.305	   -0.266	   -0.244	    6.520
    0.013	    0.000	   -0.075	   -0.099	   -0.193	   -0.240	   -0.241	    6.540
    0.013	   -0.201	   -0.117	   -0.106	   -0.125	   -0.210	   -0.229	    6.560
    0.013	   -0.208	   -0.082	   -0.107	   -0.201	   -0.227	   -0.227	    6.580
    0.012	    0.000	   -0.126	   -0.114	   -0.141	   -0.209	   -0.219	    6.600
    0.013	   -0.191	   -0.104	   -0.127	   -0.186	   -0.227	   -0.221	    6.620
    0.013	    0.000	   -0.111	   -0.144	   -0.154	   -0.215	   -0.219	    6.640
    0.012	   -0.197	   -0.102	   -0.131	   -0.207	   -0.232	   -0.223	    6.660
    0.013	    0.000	   -0.031	   -0.122	   -0.328	   -0.273	   -0.238	    6.680
    0.012	   -0.202	   -0.117	   -0.103	   -0.174	   -0.246	   -0.241	    6.700
    0.012	    0.000	   -0.117	   -0.133	   -0.205	   -0.237	   -0.238	    6.720
    0.014	   -0.202	   -0.049	   -0.128	   -0.299	   -0.261	   -0.243	    6.740
    0.013	    0.000	   -0.113	   -0.117	   -0.164	   -0.227	   -0.236	    6.760
    0.013	   -0.194	   -0.132	   -0.130	   -0.147	   -0.211	   -0.226	    6.780
    0.013	    0.001	   -0.055	   -0.132	   -0.311	   -0.256	   -0.233	    6.800
    0.000	    0.000	    0.000	    0.000	    0.000	    0.000	    0.000	    6.820
    0.000	    0.000	    0.000	    0.000	    0.000	    0.000	    0.000	    6.840
    0.013	   -0.000	   -0.096	   -0.111	   -0.186	   -0.243	   -0.237	    6.860
    0.013	   -0.206	   -0.016	   -0.113	   -0.327	   -0.282	   -0.250	    6.880
    0.013	    0.001	   -0.043	   -0.095	   -0.208	   -0.252	   -0.249	    6.900
    0.013	   -0.205	   -0.101	   -0.093	   -0.132	   -0.220	   -0.237	    6.920
    0.013	    0.001	   -0.094	   -0.104	   -0.194	   -0.226	   -0.231	    6.940
    0.012	   -0.194	   -0.044	   -0.110	   -0.298	   -0.256	   -0.237	    6.960
    0.013	    0.000	   -0.082	   -0.107	   -0.179	   -0.226	   -0.232	    6.980
    0.013	   -0.203	   -0.135	   -0.116	   -0.101	   -0.190	   -0.215	    7.000
    0.013	    0.000	   -0.036	   -0.128	   -0.299	   -0.236	   -0.219	    7.020
    0.013	   -0.199	   -0.074	   -0.099	   -0.204	   -0.230	   -0.222	    7.040
    0.014	    0.001	   -0.052	   -0.103	   -0.226	   -0.236	   -0.226	    7.060
    0.013	   -0.214	    0.157	   -0.061	   -0.507	   -0.337	   -0.260	    7.080
    0.013	    0.001	    0.178	    0.017	   -0.505	   -0.395	   -0.307	    7.100
    0.000	    0.000	    0.000	    0.000	    0.000	    0.000	    0.000	    7.120
    0.000	    0.000	    0.000	    0.000	    0.000	    0.000	    0.000	    7.140
    0.000	    0.000	    0.000	    0.000	    0.000	    0.000	    0.000	    7.160
    0.012	    0.001	    0.143	    0.004	   -0.463	   -0.419	   -0.347	    7.180
    0.013	   -0.204	   -0.018	    0.024	   -0.136	   -0.321	   -0.339	    7.200
    0.014	    0.001	    0.012	   -0.009	   -0.172	   -0.274	   -0.310	    7.220
    0.014	   -0.206	    0.043	   -0.011	   -0.197	   -0.243	   -0.280	    7.240
    0.013	    0.001	   -0.042	   -0.022	   -0.070	   -0.179	   -0.239	    7.260
    0.014	   -0.202	   -0.091	   -0.058	   -0.053	   -0.144	   -0.201	    7.280
    0.013	    0.001	   -0.092	   -0.088	   -0.131	   -0.151	   -0.179	    7.300
    0.013	   -0.203	   -0.095	   -0.109	   -0.127	   -0.141	   -0.163	    7.320
    0.013	    0.001	   -0.159	   -0.127	   -0.016	   -0.097	   -0.138	    7.340
    0.013	    0.001	   -0.035	   -0.125	   -0.212	   -0.152	   -0.141	    7.360
    0.013	    0.000	   -0.024	   -0.103	   -0.233	   -0.184	   -0.156	    7.380
    0.013	   -0.202	   -0.070	   -0.089	   -0.183	   -0.200	   -0.174	    7.400
    0.013	    0.001	   -0.061	   -0.088	   -0.174	   -0.208	   -0.188	    7.420
    0.013	    0.001	    0.033	   -0.048	   -0.280	   -0.259	   -0.215	    7.440
    0.013	   -0.187	   -0.036	   -0.047	   -0.284	   -0.284	   -0.242	    7.460
    0.013	    0.002	   -0.007	   -0.055	   -0.295	   -0.299	   -0.263	    7.480
    0.013	   -0.193	   -0.175	   -0.079	    0.005	   -0.189	   -0.237	    7.500
    0.013	    0.000	   -0.114	   -0.134	   -0.108	   -0.162	   -0.206	    7.520
    0.013	   -0.197	   -0.147	   -0.118	   -0.047	   -0.133	   -0.177	    7.540
    0.013	   -0.204	   -0.101	   -0.153	   -0.228	   -0.172	   -0.171	    7.560
    0.013	   -0.202	   -0.254	   -0.193	   -0.063	   -0.138	   -0.159	    7.580
    0.013	   -0.203	   -0.277	   -0.248	    0.013	   -0.084	   -0.132	    7.600
    0.013	    0.001	   -0.137	   -0.232	   -0.206	   -0.156	   -0.139	    7.620
    0.013	    0.001	   -0.097	   -0.173	   -0.321	   -0.247	   -0.180	    7.640
    0.000	    0.000	    0.000	    0.000	    0.000	    0.000	    0.000	    7.660
    0.000	    0.000	    0.000	    0.000	    0.000	    0.000	    0.000	    7.680
    0.000	    0.000	    0.000	    0.000	    0.000	    0.000	    0.000	    7.700
    0.000	    0.000	    0.000	    0.000	    0.000	    0.000	    0.000	    7.720
    0.000	    0.000	    0.000	    0.000	    0.000	    0.000	    0.000	    7.740
    0.013	    0.001	   -0.050	   -0.189	   -0.334	   -0.309	   -0.232	    7.760
    0.013	   -0.209	   -0.087	   -0.172	   -0.342	   -0.324	   -0.267	    7.780
    0.014	    0.001	   -0.324	   -0.191	    0.029	   -0.206	   -0.249	    7.800
    0.013	   -0.197	   -0.157	   -0.248	   -0.111	   -0.158	   -0.210	    7.820
    0.013	   -0.191	   -0.147	   -0.185	   -0.186	   -0.179	   -0.195	    7.840
    0.013	    0.001	   -0.108	   -0.178	   -0.369	   -0.263	   -0.216	    7.860
    0.013	   -0.190	   -0.314	   -0.184	   -0.087	   -0.219	   -0.221	    7.880
    0.013	   -0.200	   -0.372	   -0.300	   -0.017	   -0.142	   -0.192	    7.900
    0.013	    0.001	   -0.331	   -0.370	    0.001	   -0.072	   -0.144	    7.920
    0.013	    0.001	   -0.209	   -0.294	   -0.165	   -0.122	   -0.132	    7.940
    0.013	    0.001	   -0.104	   -0.237	   -0.362	   -0.232	   -0.166	    7.960
    0.013	   -0.190	   -0.136	   -0.191	   -0.335	   -0.288	   -0.214	    7.980
    0.013	    0.001	   -0.042	   -0.168	   -0.458	   -0.362	   -0.269	    8.000
    0.013	   -0.188	   -0.111	   -0.128	   -0.283	   -0.342	   -0.297	    8.020
    0.013	    0.001	   -0.021	   -0.146	   -0.406	   -0.359	   -0.316	    8.040
    0.013	   -0.193	   -0.080	   -0.117	   -0.255	   -0.315	   -0.313	    8.060
    0.013	    0.000	   -0.175	   -0.136	   -0.138	   -0.261	   -0.292	    8.080
    0.014	   -0.189	   -0.239	   -0.189	   -0.108	   -0.210	   -0.258	    8.100
    0.012	   -0.194	   -0.179	   -0.220	   -0.039	   -0.141	   -0.211	    8.120
    0.013	    0.000	   -0.119	   -0.194	   -0.231	   -0.187	   -0.197	    8.140
    0.013	    0.001	    0.023	   -0.145	   -0.432	   -0.289	   -0.226	    8.160
    0.013	   -0.186	    0.002	   -0.094	   -0.406	   -0.333	   -0.264	    8.180
    0.000	    0.000	    0.000	    0.000	    0.000	    0.000	    0.000	    8.200
    0.000	    0.000	    0.000	    0.000	    0.000	    0.000	    0.000	    8.220
    0.000	    0.000	    0.000	    0.000	    0.000	    0.000	    0.000	    8.240
    0.013	    0.000	    0.038	   -0.096	   -0.457	   -0.393	   -0.311	    8.260
    0.013	   -0.199	   -0.024	   -0.063	   -0.239	   -0.335	   -0.321	    8.280
    0.013	    0.001	   -0.002	   -0.052	   -0.226	   -0.308	   -0.313	    8.300
    0.013	   -0.190	    0.089	   -0.033	   -0.394	   -0.345	   -0.319	    8.320
    0.013	    0.001	    0.015	    0.009	   -0.237	   -0.319	   -0.317	    8.340
    0.012	    0.000	    0.080	   -0.008	   -0.331	   -0.327	   -0.317	    8.360
    0.013	    0.001	    0.013	   -0.027	   -0.208	   -0.269	   -0.295	    8.380
    0.013	    0.002	   -0.128	   -0.068	   -0.045	   -0.183	   -0.250	    8.400
    0.013	   -0.198	   -0.365	   -0.182	    0.280	   -0.005	   -0.158	    8.420
    0.013	    0.002	   -0.524	   -0.306	    0.460	    0.164	   -0.038	    8.440
    0.012	   -0.178	   -0.545	   -0.396	    0.375	    0.223	    0.061	    8.460
    0.013	   -0.163	   -0.505	   -0.437	    0.154	    0.172	    0.102	    8.480
    0.013	   -0.001	   -0.275	   -0.411	   -0.230	    0.006	    0.068	    8.500
    0.012	   -0.179	    0.109	   -0.259	   -0.733	   -0.281	   -0.061	    8.520
    0.012	    0.000	    0.245	   -0.072	   -0.905	   -0.533	   -0.240	    8.540
    0.013	   -0.139	    0.277	    0.067	   -0.800	   -0.654	   -0.401	    8.560
    0.013	   -0.130	    0.220	    0.148	   -0.640	   -0.675	   -0.509	    8.580
    0.013	    0.001	   -0.143	    0.107	   -0.172	   -0.524	   -0.522	    8.600
    0.013	   -0.115	   -0.551	   -0.128	    0.514	   -0.145	   -0.387	    8.620
    0.013	   -0.111	   -0.602	   -0.346	    0.673	    0.180	   -0.169	    8.640
    0.013	    0.001	   -0.629	   -0.481	    0.556	    0.341	    0.034	    8.660
    0.013	   -0.121	   -0.651	   -0.564	    0.362	    0.359	    0.165	    8.680
    0.013	   -0.128	   -0.670	   -0.618	    0.213	    0.303	    0.220	    8.700
    0.013	    0.001	   -0.694	   -0.646	    0.116	    0.225	    0.219	    8.720
    0.012	   -0.156	   -0.711	   -0.659	    0.026	    0.126	    0.176	    8.740
    0.013	   -0.150	   -0.670	   -0.651	   -0.099	    0.012	    0.106	    8.760
    0.013	    0.000	   -0.607	   -0.617	   -0.250	   -0.119	    0.013	    8.780
    0.011	   -0.118	   -0.547	   -0.582	   -0.382	   -0.243	   -0.090	    8.800
    0.011	   -0.136	   -0.479	   -0.541	   -0.441	   -0.329	   -0.186	    8.820
    0.012	    0.001	   -0.415	   -0.505	   -0.478	   -0.383	   -0.261	    8.840
    0.013	   -0.108	   -0.399	   -0.478	   -0.429	   -0.388	   -0.308	    8.860
    0.013	   -0.106	   -0.392	   -0.459	   -0.343	   -0.357	   -0.324	    8.880
    0.013	    0.000	   -0.370	   -0.441	   -0.300	   -0.325	   -0.320	    8.900
    0.013	   -0.104	   -0.345	   -0.405	   -0.277	   -0.307	   -0.311	    8.920
    0.013	   -0.109	   -0.262	   -0.351	   -0.367	   -0.342	   -0.317	    8.940
    0.014	    0.001	   -0.191	   -0.283	   -0.464	   -0.411	   -0.348	    8.960
    0.013	   -0.127	   -0.148	   -0.236	   -0.522	   -0.467	   -0.390	    8.980
    0.013	    0.000	   -0.197	   -0.223	   -0.414	   -0.449	   -0.408	    9.000
    0.013	    0.001	   -0.224	   -0.252	   -0.251	   -0.356	   -0.384	    9.020
    0.013	   -0.169	   -0.226	   -0.263	   -0.154	   -0.256	   -0.330	    9.040
    0.013	   -0.187	   -0.241	   -0.280	   -0.165	   -0.211	   -0.277	    9.060
    0.013	    0.001	   -0.283	   -0.281	   -0.121	   -0.179	   -0.234	    9.080
    0.013	   -0.201	   -0.294	   -0.286	   -0.124	   -0.173	   -0.208	    9.100
    0.013	   -0.188	   -0.281	   -0.282	   -0.189	   -0.199	   -0.204	    9.120
    0.013	   -0.204	   -0.193	   -0.271	   -0.351	   -0.271	   -0.226	    9.140
    0.013	    0.001	   -0.233	   -0.250	   -0.265	   -0.280	   -0.246	    9.160
    0.013	   -0.198	   -0.204	   -0.231	   -0.281	   -0.299	   -0.266	    9.180
    0.013	   -0.191	   -0.163	   -0.213	   -0.380	   -0.348	   -0.295	    9.200
    0.013	    0.001	   -0.094	   -0.179	   -0.440	   -0.389	   -0.327	    9.220
    0.013	   -0.186	   -0.008	   -0.141	   -0.506	   -0.428	   -0.360	    9.240
    0.013	    0.001	   -0.006	   -0.111	   -0.428	   -0.415	   -0.376	    9.260
    0.013	    0.001	   -0.078	   -0.100	   -0.259	   -0.355	   -0.365	    9.280
    0.013	   -0.201	   -0.136	   -0.114	   -0.131	   -0.280	   -0.329	    9.300
    0.013	    0.000	   -0.060	   -0.113	   -0.231	   -0.273	   -0.302	    9.320
    0.013	   -0.197	    0.069	   -0.065	   -0.416	   -0.334	   -0.307	    9.340
    0.013	   -0.184	    0.241	    0.014	   -0.619	   -0.436	   -0.348	    9.360
    0.013	    0.001	    0.276	    0.116	   -0.571	   -0.493	   -0.397	    9.380
    0.013	   -0.201	    0.244	    0.164	   -0.454	   -0.493	   -0.432	    9.400
    0.013	    0.000	    0.187	    0.182	   -0.329	   -0.455	   -0.440	    9.420
    0.013	   -0.189	    0.119	    0.154	   -0.210	   -0.382	   -0.415	    9.440
    0.013	   -0.190	    0.016	    0.102	   -0.066	   -0.273	   -0.359	    9.460
    0.013	    0.001	   -0.117	    0.002	    0.095	   -0.132	   -0.269	    9.480
    0.013	   -0.184	   -0.163	   -0.100	    0.173	   -0.001	   -0.163	    9.500
    0.013	   -0.193	   -0.183	   -0.162	    0.143	    0.070	   -0.068	    9.520
    0.013	    0.001	   -0.228	   -0.201	    0.111	    0.087	   -0.006	    9.540
    0.013	   -0.191	   -0.293	   -0.232	    0.099	    0.077	    0.023	    9.560
    0.013	   -0.202	   -0.297	   -0.252	   -0.008	    0.016	    0.018	    9.580
    0.012	   -0.001	   -0.279	   -0.258	   -0.132	   -0.071	   -0.020	    9.600
    0.012	   -0.188	   -0.258	   -0.257	   -0.219	   -0.152	   -0.074	    9.620
    0.013	   -0.200	   -0.183	   -0.256	   -0.345	   -0.229	   -0.135	    9.640
    0.013	    0.001	   -0.166	   -0.244	   -0.354	   -0.270	   -0.186	    9.660
    0.012	   -0.194	   -0.175	   -0.229	   -0.274	   -0.265	   -0.216	    9.680
    0.013	    0.002	   -0.226	   -0.224	   -0.189	   -0.243	   -0.227	    9.700
    0.012	    0.000	   -0.228	   -0.223	   -0.157	   -0.228	   -0.228	    9.720
    0.012	   -0.184	   -0.216	   -0.212	   -0.192	   -0.236	   -0.231	    9.740
    0.013	    0.000	   -0.198	   -0.201	   -0.228	   -0.257	   -0.240	    9.760
    0.012	    0.001	   -0.168	   -0.189	   -0.270	   -0.282	   -0.255	    9.780
    0.012	   -0.168	   -0.101	   -0.179	   -0.342	   -0.305	   -0.271	    9.800
    0.012	    0.001	   -0.079	   -0.164	   -0.348	   -0.312	   -0.282	    9.820
    0.012	    0.001	   -0.065	   -0.153	   -0.309	   -0.296	   -0.283	    9.840
    0.012	    0.001	   -0.119	   -0.130	   -0.146	   -0.241	   -0.266	    9.860
    0.013	    0.001	   -0.087	   -0.118	   -0.226	   -0.255	   -0.258	    9.880
    0.012	   -0.158	   -0.037	   -0.107	   -0.319	   -0.285	   -0.265	    9.900
    0.012	    0.000	   -0.013	   -0.093	   -0.337	   -0.300	   -0.274	    9.920
    0.013	   -0.140	   -0.089	   -0.084	   -0.143	   -0.240	   -0.261	    9.940
    0.013	    0.000	   -0.069	   -0.116	   -0.193	   -0.222	   -0.242	    9.960
    0.013	   -0.114	    0.006	   -0.093	   -0.290	   -0.252	   -0.242	    9.980
    0.013	    0.001	    0.013	   -0.070	   -0.251	   -0.249	   -0.241	   10.000
