    1.949	    0.003	   -0.576	   -0.519	   -5.500
    1.947	    0.094	   -0.327	   -0.355	   -5.497
    1.935	    0.004	   -0.348	   -0.421	   -5.493
    1.906	    0.003	   -0.337	   -0.421	   -5.489
    1.842	    0.140	   -0.416	   -0.330	   -5.486
    1.768	    0.002	   -0.504	   -0.526	   -5.482
    1.682	    0.141	   -0.281	   -0.330	   -5.479
    1.570	    0.141	   -0.268	   -0.292	   -5.476
    1.518	    0.152	   -0.497	   -0.513	   -5.472
    1.459	    0.147	   -0.225	   -0.341	   -5.468
    1.416	    0.003	   -0.486	   -0.519	   -5.465
    1.384	    0.141	   -0.207	   -0.305	   -5.462
    1.349	    0.150	   -0.146	   -0.294	   -5.458
    1.342	    0.136	   -0.181	   -0.401	   -5.455
    1.335	    0.003	   -0.115	   -0.329	   -5.451
    1.335	    0.002	   -0.356	   -0.483	   -5.447
    1.331	    0.141	   -0.154	   -0.253	   -5.444
    1.331	    0.003	   -0.376	   -0.468	   -5.441
    1.333	   -0.374	   -0.239	   -0.379	   -5.437
    1.343	    0.144	   -0.416	   -0.417	   -5.434
    1.355	    0.003	   -0.443	   -0.469	   -5.430
    1.367	    0.129	   -0.203	   -0.237	   -5.426
    1.376	    0.002	   -0.433	   -0.387	   -5.423
    1.382	    0.129	   -0.201	   -0.345	   -5.420
    1.387	    0.146	   -0.146	   -0.235	   -5.416
    1.389	   -0.041	   -0.343	   -0.434	   -5.412
    1.388	    0.003	   -0.447	   -0.444	   -5.409
    1.390	    0.003	   -0.497	   -0.391	   -5.405
    1.392	    0.089	   -0.257	   -0.338	   -5.402
    1.399	    0.002	   -0.433	   -0.461	   -5.399
    1.398	   -1.996	   -0.516	   -0.475	   -5.395
    1.402	    0.002	   -0.684	   -0.427	   -5.391
    1.405	    0.002	   -0.663	   -0.406	   -5.388
    1.414	   -2.104	   -0.593	   -0.474	   -5.385
    1.421	    0.003	   -0.673	   -0.339	   -5.381
    1.426	   -1.559	   -0.819	   -0.535	   -5.378
    1.436	   -0.063	   -0.576	   -0.358	   -5.374
    1.440	   -1.417	   -0.808	   -0.509	   -5.370
    1.449	   -0.149	   -0.648	   -0.478	   -5.367
    1.457	    0.002	   -0.681	   -0.385	   -5.364
    1.464	   -0.517	   -0.750	   -0.576	   -5.360
    1.476	    0.002	   -0.800	   -0.566	   -5.356
    1.482	   -2.081	   -0.820	   -0.495	   -5.353
    1.490	    0.003	   -0.836	   -0.504	   -5.349
    1.497	    0.002	   -0.686	   -0.448	   -5.346
    1.499	    0.138	   -0.693	   -0.633	   -5.343
    1.512	   -0.356	   -0.506	   -0.417	   -5.339
    1.515	   -0.635	   -0.703	   -0.565	   -5.335
    1.523	   -1.119	   -0.455	   -0.412	   -5.332
    1.525	   -1.053	   -0.532	   -0.409	   -5.329
    1.529	    0.115	   -0.740	   -0.607	   -5.325
    1.534	    0.003	   -0.410	   -0.457	   -5.322
    1.540	    0.125	   -0.635	   -0.567	   -5.318
    1.545	    0.003	   -0.639	   -0.625	   -5.314
    1.550	   -1.407	   -0.471	   -0.413	   -5.311
    1.556	    0.002	   -0.680	   -0.565	   -5.308
    1.563	   -0.151	   -0.351	   -0.418	   -5.304
    1.571	    0.139	   -0.583	   -0.568	   -5.300
    1.577	    0.001	   -0.352	   -0.388	   -5.297
    1.577	   -0.454	   -0.378	   -0.389	   -5.293
    1.582	   -0.269	   -0.230	   -0.341	   -5.290
    1.589	   -0.117	   -0.182	   -0.340	   -5.287
    1.596	    0.113	   -0.459	   -0.500	   -5.283
    1.604	    0.002	   -0.247	   -0.454	   -5.279
    1.604	   -1.867	   -0.399	   -0.364	   -5.276
    1.613	    0.111	   -0.526	   -0.554	   -5.272
    1.615	    0.133	   -0.237	   -0.363	   -5.269
    1.623	    0.002	   -0.420	   -0.421	   -5.266
    1.624	    0.115	   -0.233	   -0.439	   -5.262
    1.631	    0.130	   -0.295	   -0.346	   -5.258
    1.641	    0.002	   -0.168	   -0.281	   -5.255
    1.645	    0.129	   -0.062	   -0.273	   -5.252
    1.651	    0.003	   -0.029	   -0.245	   -5.248
    1.652	    0.117	   -0.065	   -0.348	   -5.245
    1.660	    0.003	   -0.079	   -0.216	   -5.241
    1.672	   -0.794	   -0.200	   -0.399	   -5.237
    1.675	    0.002	   -0.284	   -0.427	   -5.234
    1.686	   -2.147	   -0.462	   -0.473	   -5.231
    1.692	   -0.141	   -0.337	   -0.372	   -5.227
    1.701	    0.002	   -0.361	   -0.278	   -5.223
    1.711	   -1.275	   -0.469	   -0.460	   -5.220
    1.719	    0.105	   -0.275	   -0.260	   -5.216
    1.727	    0.002	   -0.345	   -0.258	   -5.213
    1.732	   -1.715	   -0.402	   -0.419	   -5.210
    1.739	    0.003	   -0.302	   -0.254	   -5.206
    1.743	   -3.265	   -0.707	   -0.484	   -5.202
    1.750	   -0.915	   -0.531	   -0.293	   -5.199
    1.758	   -0.448	   -0.670	   -0.507	   -5.196
    1.764	   -3.061	   -0.729	   -0.510	   -5.192
    1.774	    0.031	   -0.895	   -0.589	   -5.189
    1.784	   -0.327	   -0.854	   -0.607	   -5.185
    1.790	    0.003	   -0.549	   -0.384	   -5.181
    1.796	   -0.962	   -0.744	   -0.479	   -5.178
    1.803	   -0.277	   -0.567	   -0.498	   -5.175
    1.815	    0.004	   -0.515	   -0.367	   -5.171
    1.822	    0.050	   -0.633	   -0.580	   -5.168
    1.825	    0.003	   -0.398	   -0.352	   -5.164
    1.830	    0.100	   -0.616	   -0.498	   -5.160
    1.838	    0.066	   -0.358	   -0.461	   -5.157
    1.848	    0.004	   -0.374	   -0.517	   -5.154
    1.852	    0.150	   -0.461	   -0.568	   -5.150
    1.857	    0.155	   -0.466	   -0.574	   -5.146
    1.863	    0.132	   -0.492	   -0.508	   -5.143
    1.874	    0.002	   -0.220	   -0.449	   -5.139
    1.888	    0.117	   -0.326	   -0.396	   -5.136
    1.887	    0.154	   -0.327	   -0.531	   -5.133
    1.894	    0.040	   -0.155	   -0.299	   -5.129
    1.897	    0.157	   -0.341	   -0.446	   -5.125
    1.912	    0.002	   -0.198	   -0.459	   -5.122
    1.922	    0.128	   -0.175	   -0.294	   -5.119
    1.925	    0.003	   -0.306	   -0.468	   -5.115
    1.929	    0.001	   -0.172	   -0.438	   -5.112
    1.934	    0.154	   -0.285	   -0.415	   -5.108
    1.942	    0.149	   -0.248	   -0.452	   -5.104
    1.942	    0.136	   -0.138	   -0.252	   -5.101
    1.942	    0.003	   -0.209	   -0.428	   -5.098
    1.953	    0.148	   -0.193	   -0.293	   -5.094
    1.964	    0.159	   -0.179	   -0.273	   -5.090
    1.981	    0.146	    0.039	   -0.145	   -5.087
    1.990	    0.161	   -0.008	   -0.153	   -5.083
    1.994	    0.002	   -0.096	   -0.321	   -5.080
    2.005	    0.140	    0.125	   -0.178	   -5.077
    2.018	    0.002	   -0.129	   -0.245	   -5.073
    2.038	    0.001	   -0.127	   -0.303	   -5.069
    2.042	    0.161	    0.056	   -0.077	   -5.066
    2.047	    0.002	   -0.082	   -0.291	   -5.062
    2.055	    0.140	    0.157	   -0.107	   -5.059
    2.070	    0.002	   -0.113	   -0.216	   -5.056
    2.080	    0.133	   -0.074	   -0.125	   -5.052
    2.083	    0.160	    0.020	   -0.051	   -5.048
    2.090	    0.143	    0.089	   -0.016	   -5.045
    2.104	    0.140	    0.225	   -0.002	   -5.042
    2.118	    0.002	   -0.068	   -0.158	   -5.038
    2.126	    0.139	    0.187	   -0.053	   -5.034
    2.124	    0.003	    0.067	   -0.005	   -5.031
    2.135	    0.001	    0.002	   -0.029	   -5.027
    2.146	    0.147	    0.208	    0.018	   -5.024
    2.160	    0.003	   -0.084	   -0.127	   -5.021
    2.172	    0.142	    0.117	   -0.083	   -5.017
    2.177	    0.002	    0.033	    0.006	   -5.013
    2.200	    0.161	   -0.042	   -0.037	   -5.010
    2.216	    0.143	    0.196	    0.067	   -5.006
    2.230	    0.147	    0.086	    0.045	   -5.003
    2.234	    0.150	    0.175	   -0.037	   -5.000
    2.237	    0.002	    0.053	    0.034	   -4.996
    2.261	    0.142	    0.210	    0.020	   -4.992
    2.271	    0.002	    0.234	    0.103	   -4.989
    2.278	    0.002	    0.001	   -0.120	   -4.986
    2.274	    0.157	    0.148	   -0.019	   -4.982
    2.275	    0.002	    0.131	    0.097	   -4.979
    2.289	    0.160	   -0.032	   -0.118	   -4.975
    2.305	    0.002	    0.182	    0.059	   -4.971
    2.321	    0.002	   -0.011	    0.036	   -4.968
    2.323	    0.147	    0.140	    0.011	   -4.965
    2.340	    0.160	    0.138	    0.117	   -4.961
    2.359	    0.158	   -0.017	   -0.101	   -4.957
    2.381	    0.001	    0.193	    0.108	   -4.954
    2.394	    0.168	    0.205	    0.042	   -4.950
    2.399	    0.002	    0.095	   -0.046	   -4.947
    2.421	    0.142	    0.036	   -0.072	   -4.944
    2.445	    0.002	    0.015	    0.085	   -4.940
    2.460	    0.002	    0.152	    0.142	   -4.936
    2.466	    0.165	   -0.132	   -0.045	   -4.933
    2.475	    0.001	    0.080	    0.003	   -4.929
    2.491	    0.002	    0.026	    0.101	   -4.926
    2.502	    0.002	   -0.139	   -0.104	   -4.923
    2.512	    0.150	    0.138	    0.120	   -4.919
    2.516	    0.144	   -0.081	    0.009	   -4.915
    2.524	    0.000	    0.106	    0.004	   -4.912
    2.537	    0.153	    0.144	    0.015	   -4.909
    2.542	    0.003	   -0.101	   -0.116	   -4.905
    2.547	    0.138	   -0.104	   -0.124	   -4.902
    2.548	    0.163	   -0.162	   -0.071	   -4.898
    2.554	    0.004	    0.086	   -0.018	   -4.894
    2.572	    0.146	   -0.143	   -0.098	   -4.891
    2.577	    0.002	   -0.093	   -0.141	   -4.888
    2.575	    0.003	   -0.110	   -0.025	   -4.884
    2.575	    0.003	   -0.138	   -0.047	   -4.880
    2.580	    0.164	    0.077	   -0.024	   -4.877
    2.590	    0.151	    0.033	    0.050	   -4.873
    2.596	    0.002	   -0.029	   -0.135	   -4.870
    2.596	    0.143	    0.152	   -0.023	   -4.867
    2.604	    0.002	   -0.089	   -0.094	   -4.863
    2.614	    0.161	   -0.031	   -0.131	   -4.859
    2.623	    0.149	    0.035	    0.050	   -4.856
    2.626	    0.157	   -0.087	   -0.129	   -4.853
    2.628	    0.139	   -0.111	   -0.088	   -4.849
    2.633	    0.002	   -0.126	   -0.100	   -4.846
    2.654	    0.002	    0.011	    0.078	   -4.842
    2.661	    0.003	    0.079	    0.092	   -4.838
    2.668	    0.145	   -0.028	   -0.122	   -4.835
    2.666	    0.154	    0.226	    0.103	   -4.832
    2.677	    0.001	    0.007	   -0.001	   -4.828
    2.694	    0.166	    0.170	   -0.021	   -4.825
    2.698	    0.002	    0.077	    0.067	   -4.821
    2.708	    0.163	    0.008	   -0.096	   -4.817
    2.714	    0.163	    0.196	    0.150	   -4.814
    2.726	    0.156	   -0.049	   -0.028	   -4.811
    2.740	    0.146	   -0.068	   -0.032	   -4.807
    2.743	    0.001	    0.145	    0.125	   -4.803
    2.751	    0.145	    0.027	    0.045	   -4.800
    2.765	    0.002	    0.262	    0.100	   -4.796
    2.779	    0.149	    0.027	   -0.034	   -4.793
    2.789	    0.002	    0.283	    0.133	   -4.790
    2.790	    0.002	    0.164	    0.153	   -4.786
    2.793	    0.002	    0.228	    0.073	   -4.782
    2.804	    0.001	    0.284	    0.191	   -4.779
    2.819	    0.146	   -0.027	    0.019	   -4.776
    2.820	    0.003	    0.099	    0.023	   -4.772
    2.822	    0.155	    0.059	    0.145	   -4.768
    2.835	    0.154	    0.190	    0.200	   -4.765
    2.844	    0.002	    0.260	    0.177	   -4.761
    2.863	    0.148	    0.027	    0.114	   -4.758
    2.875	    0.001	    0.172	    0.082	   -4.755
    2.881	    0.148	    0.056	    0.151	   -4.751
    2.908	    0.002	    0.230	    0.184	   -4.747
    2.923	    0.002	    0.240	    0.213	   -4.744
    2.944	    0.002	    0.241	    0.147	   -4.740
    2.951	    0.002	    0.188	    0.098	   -4.737
    2.956	    0.141	    0.036	    0.155	   -4.734
    2.973	    0.002	   -0.049	   -0.016	   -4.730
    2.997	    0.169	    0.172	    0.196	   -4.726
    3.024	    0.157	   -0.096	    0.039	   -4.723
    3.031	    0.003	    0.074	    0.042	   -4.720
    3.044	    0.167	    0.100	    0.176	   -4.716
    3.063	    0.002	   -0.042	   -0.041	   -4.713
    3.092	    0.160	    0.176	    0.133	   -4.709
    3.116	    0.002	   -0.005	   -0.045	   -4.705
    3.128	    0.001	    0.113	    0.064	   -4.702
    3.149	    0.002	    0.131	    0.052	   -4.699
    3.181	    0.002	   -0.043	   -0.067	   -4.695
    3.208	    0.148	    0.166	    0.147	   -4.691
    3.228	    0.002	   -0.097	   -0.071	   -4.688
    3.232	    0.149	    0.021	   -0.027	   -4.684
    3.257	    0.151	   -0.021	    0.102	   -4.681
    3.279	    0.158	   -0.084	    0.054	   -4.678
    3.296	    0.163	    0.170	    0.161	   -4.674
    3.311	    0.003	   -0.108	   -0.027	   -4.670
    3.326	    0.167	    0.102	    0.021	   -4.667
    3.347	    0.146	    0.178	    0.060	   -4.663
    3.358	    0.148	   -0.030	   -0.078	   -4.660
    3.368	    0.164	    0.182	    0.062	   -4.657
    3.372	    0.002	   -0.047	    0.028	   -4.653
    3.385	    0.139	    0.145	    0.038	   -4.649
    3.409	    0.002	    0.022	    0.096	   -4.646
    3.409	    0.146	   -0.031	   -0.076	   -4.643
    3.416	    0.001	   -0.126	   -0.046	   -4.639
    3.413	    0.003	   -0.154	   -0.030	   -4.636
    3.425	    0.147	    0.103	    0.021	   -4.632
    3.440	    0.001	    0.114	    0.131	   -4.628
    3.446	    0.143	    0.007	   -0.057	   -4.625
    3.458	    0.164	    0.225	    0.165	   -4.622
    3.470	    0.146	   -0.025	    0.044	   -4.618
    3.483	    0.161	    0.186	    0.076	   -4.614
    3.497	    0.001	    0.100	    0.161	   -4.611
    3.499	    0.164	    0.015	   -0.023	   -4.607
    3.512	    0.002	   -0.100	   -0.038	   -4.604
    3.525	    0.161	   -0.131	   -0.019	   -4.601
    3.545	    0.003	   -0.144	   -0.028	   -4.597
    3.557	    0.003	   -0.012	    0.099	   -4.593
    3.559	    0.151	   -0.120	   -0.095	   -4.590
    3.576	    0.163	    0.125	   -0.001	   -4.587
    3.584	    0.158	   -0.085	   -0.072	   -4.583
    3.611	    0.164	    0.212	    0.065	   -4.580
    3.620	    0.138	    0.105	    0.096	   -4.576
    3.631	    0.164	    0.017	   -0.069	   -4.572
    3.644	    0.001	    0.241	    0.157	   -4.569
    3.662	    0.151	    0.011	    0.052	   -4.566
    3.680	    0.158	   -0.028	   -0.061	   -4.562
    3.682	    0.148	    0.019	    0.093	   -4.559
    3.689	    0.003	   -0.094	   -0.051	   -4.555
    3.705	    0.003	    0.190	    0.151	   -4.551
    3.726	    0.140	   -0.057	   -0.013	   -4.548
    3.751	    0.168	    0.234	    0.148	   -4.545
    3.757	    0.142	    0.192	    0.167	   -4.541
    3.763	    0.151	    0.294	    0.128	   -4.537
    3.769	    0.140	    0.315	    0.165	   -4.534
    3.786	    0.162	    0.014	    0.035	   -4.530
    3.801	    0.001	    0.229	    0.110	   -4.527
    3.809	    0.139	    0.118	    0.175	   -4.524
    3.820	    0.149	   -0.041	   -0.015	   -4.520
    3.828	    0.166	    0.237	    0.166	   -4.516
    3.844	    0.138	   -0.038	    0.019	   -4.513
    3.854	    0.151	    0.106	    0.016	   -4.510
    3.866	    0.158	    0.077	    0.157	   -4.506
    3.886	    0.002	    0.182	    0.206	   -4.502
    3.896	    0.139	    0.259	    0.216	   -4.499
    3.927	    0.002	    0.293	    0.202	   -4.495
    3.946	    0.146	    0.237	    0.103	   -4.492
    3.961	    0.160	    0.106	    0.179	   -4.489
    3.979	    0.163	    0.020	    0.004	   -4.485
    3.990	    0.158	    0.232	    0.214	   -4.482
    4.023	    0.137	   -0.016	   -0.016	   -4.478
    4.038	    0.139	    0.130	    0.045	   -4.474
    4.058	    0.148	    0.060	    0.145	   -4.471
    4.076	    0.147	    0.010	   -0.038	   -4.468
    4.096	    0.158	    0.221	    0.190	   -4.464
    4.132	    0.002	    0.193	    0.200	   -4.460
    4.146	    0.143	    0.227	    0.108	   -4.457
    4.168	    0.003	    0.271	    0.182	   -4.454
    4.189	    0.092	    0.036	   -0.002	   -4.450
    4.216	    0.141	    0.235	    0.178	   -4.447
    4.244	    0.147	    0.100	    0.026	   -4.443
    4.254	    0.150	    0.202	    0.114	   -4.439
    4.277	    0.118	   -0.009	   -0.016	   -4.436
    4.299	    0.116	   -0.067	   -0.030	   -4.433
    4.323	    0.002	    0.135	    0.196	   -4.429
    4.345	    0.142	   -0.120	    0.011	   -4.425
    4.365	    0.103	    0.051	    0.009	   -4.422
    4.387	    0.002	    0.127	    0.176	   -4.418
    4.396	    0.079	   -0.085	   -0.047	   -4.415
    4.398	    0.002	    0.188	    0.141	   -4.412
    4.396	   -0.194	   -0.103	   -0.013	   -4.408
    4.398	    0.135	    0.098	    0.044	   -4.405
    4.414	    0.001	    0.046	   -0.040	   -4.401
    4.418	    0.139	   -0.104	   -0.078	   -4.397
    4.414	   -0.076	   -0.108	   -0.082	   -4.394
    4.409	   -2.108	   -0.236	    0.004	   -4.391
    4.402	    0.001	   -0.078	   -0.005	   -4.387
    4.404	   -0.996	   -0.184	    0.051	   -4.383
    4.412	   -0.016	   -0.220	   -0.116	   -4.380
    4.410	    0.105	   -0.040	    0.105	   -4.377
    4.410	   -1.049	   -0.291	   -0.067	   -4.373
    4.414	    0.001	   -0.114	   -0.040	   -4.370
    4.413	   -0.210	   -0.094	    0.082	   -4.366
    4.423	   -0.032	   -0.214	   -0.131	   -4.362
    4.422	    0.002	   -0.114	   -0.081	   -4.359
    4.428	   -0.228	   -0.254	   -0.070	   -4.356
    4.436	    0.002	   -0.246	   -0.174	   -4.352
    4.443	   -0.840	   -0.187	    0.007	   -4.348
    4.445	    0.001	   -0.231	   -0.199	   -4.345
    4.438	   -0.151	   -0.126	    0.005	   -4.341
    4.435	   -0.187	   -0.306	   -0.154	   -4.338
    4.444	   -2.013	   -0.215	    0.012	   -4.335
    4.448	   -2.163	   -0.399	   -0.054	   -4.331
    4.452	    0.002	   -0.561	   -0.253	   -4.327
    4.451	   -1.134	   -0.283	   -0.047	   -4.324
    4.450	    0.076	   -0.539	   -0.245	   -4.321
    4.457	    0.001	   -0.364	   -0.251	   -4.317
    4.466	   -0.042	   -0.368	   -0.141	   -4.313
    4.477	    0.002	   -0.465	   -0.294	   -4.310
    4.486	    0.116	   -0.199	   -0.109	   -4.306
    4.499	    0.003	   -0.370	   -0.232	   -4.303
    4.529	    0.117	   -0.332	   -0.207	   -4.300
    4.538	    0.139	   -0.250	   -0.158	   -4.296
    4.547	    0.145	   -0.121	   -0.248	   -4.293
    4.559	    0.117	    0.015	   -0.078	   -4.289
    4.581	    0.002	   -0.233	   -0.240	   -4.285
    4.636	    0.001	   -0.140	   -0.269	   -4.282
    4.648	    0.002	   -0.047	   -0.071	   -4.279
    4.679	    0.001	   -0.048	   -0.224	   -4.275
    4.696	    0.142	    0.096	   -0.081	   -4.271
    4.727	    0.002	   -0.182	   -0.207	   -4.268
    4.777	    0.136	    0.064	   -0.119	   -4.264
    4.819	    0.002	   -0.041	   -0.050	   -4.261
    4.886	    0.001	   -0.131	   -0.097	   -4.258
    4.910	    0.137	    0.115	    0.011	   -4.254
    4.969	    0.127	    0.146	    0.037	   -4.250
    5.010	    0.110	    0.090	   -0.106	   -4.247
    5.052	    0.000	    0.001	    0.012	   -4.244
    5.094	    0.131	    0.125	   -0.038	   -4.240
    5.105	    0.001	    0.177	    0.041	   -4.236
    5.127	    0.002	   -0.089	   -0.049	   -4.233
    5.133	    0.055	    0.036	   -0.087	   -4.229
    5.128	    0.002	   -0.055	    0.007	   -4.226
    5.123	   -1.342	   -0.190	   -0.175	   -4.223
    5.128	    0.002	   -0.031	    0.030	   -4.219
    5.127	    0.004	   -0.221	   -0.080	   -4.216
    5.132	   -0.003	   -0.020	   -0.091	   -4.212
    5.121	    0.001	   -0.085	   -0.005	   -4.208
    5.112	   -3.197	   -0.327	   -0.219	   -4.205
    5.103	    0.002	   -0.229	   -0.018	   -4.202
    5.071	   -0.533	   -0.164	   -0.102	   -4.198
    5.054	    0.002	   -0.159	   -0.141	   -4.194
    5.011	   -0.260	   -0.293	   -0.254	   -4.191
    4.990	    0.052	   -0.340	   -0.270	   -4.187
    4.967	    0.001	   -0.139	   -0.073	   -4.184
    4.931	   -1.222	   -0.448	   -0.235	   -4.181
    4.886	    0.002	   -0.225	   -0.155	   -4.177
    4.832	   -2.350	   -0.243	   -0.148	   -4.173
    4.821	    0.127	   -0.503	   -0.321	   -4.170
    4.807	    0.003	   -0.223	   -0.099	   -4.167
    4.796	   -1.945	   -0.515	   -0.296	   -4.163
    4.783	    0.001	   -0.420	   -0.279	   -4.159
    4.771	   -0.005	   -0.272	   -0.202	   -4.156
    4.772	    0.002	   -0.494	   -0.348	   -4.152
    4.774	    0.119	   -0.293	   -0.269	   -4.149
    4.771	   -1.478	   -0.545	   -0.326	   -4.146
    4.768	    0.001	   -0.321	   -0.255	   -4.142
    4.762	    0.047	   -0.515	   -0.331	   -4.139
    4.759	    0.003	   -0.447	   -0.371	   -4.135
    4.753	    0.137	   -0.263	   -0.299	   -4.131
    4.743	    0.002	   -0.405	   -0.279	   -4.128
    4.729	    0.002	   -0.159	   -0.244	   -4.125
    4.725	    0.138	   -0.262	   -0.193	   -4.121
    4.728	    0.002	   -0.282	   -0.338	   -4.117
    4.744	    0.156	   -0.356	   -0.334	   -4.114
    4.747	    0.001	   -0.335	   -0.260	   -4.111
    4.752	    0.140	   -0.216	   -0.327	   -4.107
    4.762	   -2.854	   -0.237	   -0.147	   -4.104
    4.769	    0.001	   -0.364	   -0.358	   -4.100
    4.762	    0.134	   -0.424	   -0.340	   -4.096
    4.754	    0.002	   -0.397	   -0.294	   -4.093
    4.754	    0.137	   -0.312	   -0.230	   -4.090
    4.753	    0.001	   -0.210	   -0.174	   -4.086
    4.746	    0.154	   -0.207	   -0.339	   -4.082
    4.738	    0.136	    0.030	   -0.117	   -4.079
    4.732	    0.001	   -0.231	   -0.292	   -4.075
    4.735	    0.002	    0.040	   -0.175	   -4.072
    4.744	    0.002	   -0.020	   -0.077	   -4.069
    4.751	    0.137	   -0.185	   -0.278	   -4.065
    4.762	    0.146	    0.088	   -0.039	   -4.061
    4.777	    0.002	   -0.181	   -0.232	   -4.058
    4.814	    0.150	    0.078	   -0.025	   -4.054
    4.819	    0.002	   -0.031	   -0.067	   -4.051
    4.840	    0.136	   -0.061	   -0.061	   -4.047
    4.858	    0.001	    0.099	    0.031	   -4.044
    4.893	    0.128	   -0.131	   -0.109	   -4.040
    4.951	    0.000	    0.139	   -0.002	   -4.037
    4.967	    0.001	   -0.045	   -0.048	   -4.034
    5.002	    0.002	    0.149	   -0.027	   -4.030
    5.029	    0.001	    0.182	    0.024	   -4.027
    5.065	    0.143	   -0.118	   -0.141	   -4.023
    5.110	    0.137	    0.124	   -0.054	   -4.019
    5.164	    0.137	    0.074	    0.034	   -4.016
    5.235	    0.145	   -0.127	   -0.125	   -4.013
    5.273	    0.002	    0.152	    0.023	   -4.009
    5.327	    0.153	    0.043	    0.034	   -4.005
    5.381	    0.001	    0.167	   -0.015	   -4.002
    5.426	    0.144	    0.017	    0.027	   -3.998
    5.513	    0.002	   -0.034	   -0.140	   -3.995
    5.541	    0.003	    0.159	    0.047	   -3.992
    5.597	    0.003	    0.178	    0.013	   -3.988
    5.630	    0.002	    0.093	   -0.074	   -3.984
    5.659	    0.141	   -0.015	    0.026	   -3.981
    5.682	    0.000	   -0.130	   -0.146	   -3.978
    5.692	    0.002	    0.111	    0.086	   -3.974
    5.709	    0.154	   -0.154	   -0.127	   -3.970
    5.721	    0.002	    0.039	   -0.075	   -3.967
    5.730	    0.164	   -0.055	    0.005	   -3.963
    5.735	    0.001	   -0.077	   -0.164	   -3.960
    5.714	    0.146	    0.125	    0.067	   -3.957
    5.667	    0.162	    0.203	    0.060	   -3.953
    5.646	    0.002	    0.197	    0.013	   -3.950
    5.602	    0.001	    0.146	   -0.018	   -3.946
    5.559	    0.003	   -0.023	   -0.102	   -3.942
    5.503	    0.154	    0.139	    0.124	   -3.939
    5.400	    0.144	    0.032	    0.096	   -3.936
    5.373	    0.154	    0.154	    0.062	   -3.932
    5.294	    0.001	   -0.122	   -0.061	   -3.928
    5.234	    0.002	   -0.071	   -0.078	   -3.925
    5.159	    0.150	    0.148	    0.105	   -3.921
    5.088	    0.002	   -0.131	   -0.051	   -3.918
    5.029	    0.156	    0.136	    0.049	   -3.914
    4.940	    0.165	    0.194	    0.121	   -3.911
    4.897	    0.001	    0.025	   -0.079	   -3.907
    4.827	    0.166	    0.190	    0.052	   -3.904
    4.779	    0.001	   -0.102	   -0.110	   -3.901
    4.738	    0.143	    0.061	   -0.087	   -3.897
    4.680	    0.002	   -0.109	   -0.169	   -3.893
    4.655	    0.142	   -0.138	   -0.189	   -3.890
    4.610	    0.160	   -0.003	   -0.032	   -3.886
    4.581	    0.001	   -0.068	   -0.080	   -3.883
    4.547	    0.142	    0.133	   -0.095	   -3.880
    4.487	    0.153	    0.154	    0.030	   -3.876
    4.468	    0.145	   -0.039	   -0.172	   -3.873
    4.434	    0.143	    0.208	    0.055	   -3.869
    4.419	    0.158	   -0.047	   -0.055	   -3.865
    4.395	    0.163	    0.186	   -0.000	   -3.862
    4.365	    0.001	    0.015	    0.034	   -3.859
    4.323	    0.143	    0.002	   -0.091	   -3.855
    4.286	    0.002	   -0.062	   -0.106	   -3.851
    4.274	    0.150	   -0.133	   -0.071	   -3.848
    4.250	    0.001	   -0.153	   -0.077	   -3.845
    4.220	    0.001	    0.038	    0.099	   -3.841
    4.192	    0.157	   -0.005	   -0.076	   -3.837
    4.162	    0.148	    0.135	   -0.015	   -3.834
    4.148	    0.154	   -0.078	   -0.058	   -3.830
    4.109	    0.156	    0.173	    0.136	   -3.827
    4.081	    0.002	    0.038	    0.108	   -3.824
    4.057	    0.153	    0.045	   -0.031	   -3.820
    4.047	    0.001	    0.227	    0.157	   -3.817
    4.030	    0.166	   -0.041	    0.049	   -3.813
    3.991	    0.154	   -0.049	   -0.024	   -3.809
    3.969	    0.165	    0.078	    0.145	   -3.806
    3.946	    0.002	   -0.071	    0.073	   -3.803
    3.932	    0.001	    0.197	    0.193	   -3.799
    3.916	    0.152	   -0.052	    0.095	   -3.795
    3.884	    0.001	    0.103	    0.193	   -3.792
    3.871	    0.157	    0.033	    0.160	   -3.788
    3.847	    0.147	    0.253	    0.169	   -3.785
    3.832	    0.002	    0.259	    0.232	   -3.781
    3.815	    0.141	    0.005	    0.172	   -3.778
    3.796	    0.001	    0.236	    0.207	   -3.774
    3.781	    0.143	    0.052	    0.234	   -3.771
    3.764	    0.155	   -0.046	    0.146	   -3.768
    3.758	    0.148	    0.199	    0.305	   -3.764
    3.737	    0.162	   -0.037	    0.159	   -3.760
    3.714	    0.002	    0.179	    0.227	   -3.757
    3.694	    0.157	    0.120	    0.263	   -3.753
    3.676	    0.002	    0.120	    0.276	   -3.750
    3.667	    0.157	    0.254	    0.286	   -3.747
    3.649	    0.002	    0.288	    0.311	   -3.743
    3.629	    0.144	    0.298	    0.284	   -3.740
    3.610	    0.162	    0.121	    0.328	   -3.736
    3.588	    0.159	    0.229	    0.291	   -3.732
    3.579	    0.161	    0.285	    0.379	   -3.729
    3.557	    0.157	    0.018	    0.287	   -3.726
    3.543	    0.150	    0.190	    0.308	   -3.722
    3.534	    0.146	    0.070	    0.368	   -3.718
    3.524	    0.148	    0.017	    0.237	   -3.715
    3.506	    0.156	    0.229	    0.408	   -3.712
    3.478	    0.002	    0.234	    0.416	   -3.708
    3.464	    0.157	    0.284	    0.346	   -3.704
    3.454	    0.003	    0.164	    0.274	   -3.701
    3.450	    0.159	    0.079	    0.251	   -3.697
    3.441	    0.157	    0.222	    0.408	   -3.694
    3.419	    0.146	    0.196	    0.302	   -3.691
    3.410	    0.163	    0.266	    0.345	   -3.687
    3.400	    0.161	   -0.001	    0.276	   -3.683
    3.394	    0.144	    0.005	    0.264	   -3.680
    3.384	    0.155	    0.146	    0.424	   -3.676
    3.366	    0.002	   -0.063	    0.304	   -3.673
    3.355	    0.163	    0.199	    0.359	   -3.670
    3.344	    0.169	    0.148	    0.410	   -3.666
    3.337	    0.158	    0.090	    0.283	   -3.662
    3.325	    0.001	    0.245	    0.403	   -3.659
    3.308	    0.164	   -0.022	    0.297	   -3.655
    3.300	    0.143	    0.183	    0.388	   -3.652
    3.290	    0.000	    0.078	    0.271	   -3.648
    3.280	    0.154	    0.066	    0.256	   -3.645
    3.259	    0.149	    0.074	    0.373	   -3.641
    3.243	    0.159	   -0.053	    0.292	   -3.638
    3.234	    0.000	    0.141	    0.296	   -3.635
    3.219	    0.141	   -0.051	    0.300	   -3.631
    3.214	    0.159	   -0.043	    0.226	   -3.627
    3.215	    0.154	    0.093	    0.369	   -3.624
    3.219	    0.157	   -0.059	    0.250	   -3.620
    3.226	    0.002	    0.186	    0.298	   -3.617
    3.228	    0.157	    0.027	    0.318	   -3.614
    3.220	    0.164	    0.042	    0.239	   -3.610
    3.213	    0.002	    0.081	    0.233	   -3.607
    3.214	    0.142	   -0.057	    0.253	   -3.603
    3.221	    0.002	   -0.048	    0.202	   -3.599
    3.225	    0.143	   -0.037	    0.306	   -3.596
    3.224	    0.146	    0.025	    0.234	   -3.593
    3.234	    0.144	    0.038	    0.321	   -3.589
    3.240	    0.160	   -0.057	    0.269	   -3.585
    3.272	    0.164	    0.204	    0.296	   -3.582
    3.290	    0.155	    0.138	    0.346	   -3.579
    3.313	    0.000	    0.102	    0.275	   -3.575
    3.349	    0.154	    0.269	    0.351	   -3.571
    3.398	    0.157	    0.001	    0.304	   -3.568
    3.460	    0.002	    0.120	    0.305	   -3.564
    3.489	    0.164	    0.106	    0.378	   -3.561
    3.528	    0.002	   -0.009	    0.296	   -3.558
    3.570	    0.138	    0.170	    0.449	   -3.554
    3.613	    0.000	   -0.056	    0.338	   -3.550
    3.659	    0.155	   -0.037	    0.411	   -3.547
    3.668	    0.143	    0.006	    0.424	   -3.543
    3.680	    0.154	    0.085	    0.436	   -3.540
    3.686	    0.141	    0.231	    0.446	   -3.537
    3.694	    0.000	   -0.005	    0.366	   -3.533
    3.689	    0.157	    0.237	    0.393	   -3.529
    3.665	    0.140	    0.064	    0.410	   -3.526
    3.625	    0.000	   -0.031	    0.386	   -3.522
    3.603	    0.134	    0.235	    0.468	   -3.519
    3.565	    0.001	   -0.009	    0.388	   -3.516
    3.517	    0.146	    0.238	    0.421	   -3.512
    3.463	    0.000	    0.045	    0.423	   -3.508
    3.382	    0.001	    0.012	    0.439	   -3.505
    3.348	    0.132	    0.185	    0.483	   -3.502
    3.279	    0.153	    0.115	    0.479	   -3.498
    3.207	    0.144	    0.267	    0.454	   -3.494
    3.136	    0.002	    0.149	    0.486	   -3.491
    3.059	    0.114	    0.055	    0.403	   -3.487
    3.046	    0.001	    0.204	    0.446	   -3.484
    2.997	    0.153	    0.176	    0.326	   -3.481
    2.961	    0.153	    0.250	    0.378	   -3.477
    2.916	    0.000	    0.059	    0.396	   -3.474
    2.878	    0.105	    0.087	    0.345	   -3.470
    2.842	    0.002	    0.195	    0.424	   -3.466
    2.782	    0.001	   -0.034	    0.390	   -3.463
    2.750	    0.128	    0.146	    0.369	   -3.459
    2.712	    0.002	    0.063	    0.417	   -3.456
    2.695	   -0.033	   -0.034	    0.333	   -3.453
    2.675	    0.001	    0.143	    0.420	   -3.449
    2.638	    0.128	    0.208	    0.371	   -3.446
    2.621	    0.001	    0.175	    0.341	   -3.442
    2.589	    0.116	    0.164	    0.335	   -3.438
    2.575	   -0.056	    0.032	    0.305	   -3.435
    2.562	    0.000	    0.136	    0.396	   -3.431
    2.532	   -0.691	   -0.129	    0.326	   -3.428
    2.526	    0.001	    0.095	    0.351	   -3.425
    2.509	    0.002	   -0.140	    0.343	   -3.421
    2.501	   -0.584	   -0.091	    0.294	   -3.417
    2.487	    0.002	    0.015	    0.353	   -3.414
    2.474	   -1.806	   -0.240	    0.276	   -3.410
    2.461	    0.002	   -0.030	    0.300	   -3.407
    2.456	   -1.563	   -0.048	    0.270	   -3.403
    2.456	    0.000	   -0.281	    0.186	   -3.400
    2.445	   -1.905	   -0.251	    0.172	   -3.397
    2.429	   -2.160	   -0.576	    0.074	   -3.393
    2.413	    0.001	   -0.344	    0.109	   -3.389
    2.400	   -0.089	   -0.544	    0.042	   -3.386
    2.401	    0.000	   -0.399	   -0.010	   -3.382
    2.405	    0.002	   -0.473	    0.047	   -3.379
    2.407	    0.085	   -0.487	   -0.003	   -3.376
    2.400	    0.000	   -0.231	    0.018	   -3.372
    2.385	   -0.017	   -0.346	    0.050	   -3.369
    2.356	    0.003	   -0.357	   -0.004	   -3.365
    2.323	   -2.325	   -0.232	    0.027	   -3.361
    2.308	    0.001	   -0.542	   -0.061	   -3.358
    2.290	    0.013	   -0.335	   -0.042	   -3.354
    2.266	    0.075	   -0.414	   -0.011	   -3.351
    2.237	    0.118	   -0.441	   -0.042	   -3.348
    2.193	    0.138	   -0.423	   -0.052	   -3.344
    2.180	    0.002	   -0.403	   -0.023	   -3.341
    2.157	    0.144	   -0.362	    0.012	   -3.337
    2.139	    0.124	   -0.236	    0.062	   -3.333
    2.119	    0.000	   -0.175	   -0.025	   -3.330
    2.095	    0.124	   -0.003	    0.105	   -3.326
    2.079	    0.131	    0.084	    0.124	   -3.323
    2.057	    0.132	    0.132	    0.168	   -3.320
    2.025	    0.000	   -0.153	    0.072	   -3.316
    2.023	    0.126	    0.100	    0.219	   -3.312
    2.018	    0.137	   -0.039	    0.231	   -3.309
    2.019	    0.001	   -0.175	    0.114	   -3.305
    2.019	    0.134	   -0.207	    0.125	   -3.302
    2.015	    0.002	   -0.145	    0.215	   -3.298
    2.012	    0.114	   -0.167	    0.208	   -3.295
    2.014	    0.145	    0.078	    0.304	   -3.292
    2.014	    0.002	   -0.141	    0.146	   -3.288
    2.010	    0.000	    0.049	    0.344	   -3.284
    2.007	    0.001	   -0.089	    0.253	   -3.281
    1.983	    0.002	    0.113	    0.278	   -3.277
    1.968	    0.002	    0.161	    0.360	   -3.274
    1.944	   -0.069	   -0.107	    0.144	   -3.270
    1.919	    0.111	    0.134	    0.274	   -3.267
    1.893	    0.001	   -0.067	    0.254	   -3.264
    1.868	    0.097	   -0.125	    0.228	   -3.260
    1.860	    0.002	    0.076	    0.349	   -3.256
    1.851	   -0.027	   -0.123	    0.210	   -3.253
    1.838	    0.050	    0.139	    0.285	   -3.249
    1.821	    0.002	   -0.076	    0.262	   -3.246
    1.807	    0.125	    0.095	    0.391	   -3.243
    1.802	    0.002	    0.106	    0.420	   -3.239
    1.792	    0.001	   -0.107	    0.281	   -3.236
    1.781	    0.002	    0.127	    0.354	   -3.232
    1.768	    0.082	    0.020	    0.402	   -3.228
    1.758	    0.078	    0.038	    0.256	   -3.225
    1.753	    0.002	    0.152	    0.424	   -3.221
    1.746	   -2.960	   -0.250	    0.257	   -3.218
    1.742	    0.000	   -0.067	    0.327	   -3.215
    1.736	   -1.376	   -0.287	    0.267	   -3.211
    1.730	    0.001	   -0.243	    0.170	   -3.208
    1.717	   -1.465	   -0.190	    0.296	   -3.204
    1.678	   -2.270	   -0.255	    0.229	   -3.200
    1.660	    0.000	   -0.301	    0.117	   -3.197
    1.631	   -3.050	   -0.354	    0.125	   -3.193
    1.613	    0.002	   -0.598	   -0.089	   -3.190
    1.597	   -1.843	   -0.499	    0.070	   -3.187
    1.568	    0.000	   -0.641	   -0.097	   -3.183
    1.558	    0.001	   -0.408	   -0.005	   -3.179
    1.540	    0.002	   -0.637	   -0.102	   -3.176
    1.534	    0.001	   -0.502	   -0.109	   -3.172
    1.519	   -0.148	   -0.369	    0.035	   -3.169
    1.503	    0.000	   -0.552	   -0.085	   -3.165
    1.487	    0.146	   -0.249	    0.007	   -3.162
    1.473	    0.094	   -0.174	    0.063	   -3.159
    1.467	    0.000	   -0.337	   -0.085	   -3.155
    1.457	    0.136	   -0.145	    0.058	   -3.151
    1.450	    0.000	   -0.354	   -0.031	   -3.148
    1.440	    0.143	   -0.095	    0.103	   -3.144
    1.438	    0.003	   -0.269	   -0.015	   -3.141
    1.441	    0.001	   -0.231	   -0.007	   -3.137
    1.437	    0.002	   -0.361	   -0.052	   -3.134
    1.432	    0.000	   -0.386	   -0.062	   -3.131
    1.425	    0.143	   -0.079	    0.071	   -3.127
    1.417	    0.001	   -0.218	    0.039	   -3.123
    1.408	    0.136	   -0.120	   -0.020	   -3.120
    1.390	    0.154	    0.009	    0.136	   -3.116
    1.382	    0.002	   -0.244	   -0.027	   -3.113
    1.371	    0.139	   -0.057	    0.014	   -3.110
    1.362	    0.002	   -0.199	    0.046	   -3.106
    1.357	    0.156	   -0.179	   -0.052	   -3.103
    1.343	    0.157	   -0.170	   -0.068	   -3.099
    1.341	    0.001	   -0.234	   -0.089	   -3.095
    1.335	    0.000	   -0.186	    0.021	   -3.092
    1.334	    0.002	    0.035	    0.107	   -3.088
    1.336	    0.146	   -0.038	   -0.049	   -3.085
    1.335	    0.001	   -0.049	    0.080	   -3.082
    1.331	    0.143	   -0.170	   -0.011	   -3.078
    1.318	    0.146	    0.062	    0.142	   -3.075
    1.309	    0.002	   -0.113	    0.076	   -3.071
    1.298	    0.132	   -0.003	    0.025	   -3.067
    1.288	    0.002	    0.064	    0.170	   -3.064
    1.284	    0.160	   -0.123	    0.019	   -3.060
    1.270	    0.153	   -0.081	    0.015	   -3.057
    1.268	    0.143	   -0.025	    0.155	   -3.054
    1.262	    0.150	   -0.101	    0.027	   -3.050
    1.269	    0.000	    0.158	    0.212	   -3.046
    1.278	    0.147	   -0.084	    0.022	   -3.043
    1.291	    0.001	    0.026	    0.197	   -3.039
    1.294	    0.147	   -0.001	    0.196	   -3.036
    1.302	    0.001	    0.138	    0.281	   -3.032
    1.306	    0.002	    0.204	    0.311	   -3.029
    1.307	    0.139	   -0.049	    0.149	   -3.026
    1.297	    0.002	    0.127	    0.235	   -3.022
    1.287	    0.143	   -0.056	    0.241	   -3.018
    1.278	    0.160	    0.005	    0.180	   -3.015
    1.274	    0.153	    0.131	    0.318	   -3.011
    1.271	    0.148	   -0.065	    0.230	   -3.008
    1.270	    0.000	    0.163	    0.342	   -3.004
    1.264	    0.155	   -0.040	    0.355	   -3.001
    1.267	    0.002	    0.077	    0.415	   -2.998
    1.269	    0.161	    0.147	    0.442	   -2.994
    1.277	    0.001	    0.248	    0.482	   -2.990
    1.280	    0.002	    0.269	    0.445	   -2.987
    1.281	    0.143	   -0.002	    0.370	   -2.983
    1.281	    0.145	    0.199	    0.368	   -2.980
    1.284	    0.160	    0.157	    0.447	   -2.977
    1.291	    0.159	    0.090	    0.247	   -2.973
    1.289	    0.162	    0.246	    0.390	   -2.970
    1.291	    0.142	    0.073	    0.335	   -2.966
    1.286	    0.000	    0.126	    0.206	   -2.962
    1.280	    0.148	    0.218	    0.356	   -2.959
    1.264	    0.140	    0.047	    0.268	   -2.955
    1.259	    0.140	    0.243	    0.313	   -2.952
    1.245	    0.002	    0.194	    0.330	   -2.949
    1.245	   -0.001	    0.149	    0.164	   -2.945
    1.240	    0.149	    0.161	    0.306	   -2.942
    1.236	    0.158	   -0.031	    0.175	   -2.938
    1.237	    0.156	    0.186	    0.205	   -2.934
    1.237	    0.158	   -0.005	    0.045	   -2.931
    1.230	    0.146	    0.003	    0.033	   -2.927
    1.217	    0.139	    0.118	    0.228	   -2.924
    1.204	    0.001	   -0.050	    0.004	   -2.921
    1.198	    0.157	    0.196	    0.183	   -2.917
    1.198	    0.157	    0.041	    0.159	   -2.913
    1.198	    0.147	    0.041	    0.016	   -2.910
    1.188	    0.163	    0.138	    0.212	   -2.906
    1.182	    0.160	   -0.059	    0.023	   -2.903
    1.178	    0.160	    0.219	    0.185	   -2.899
    1.177	    0.000	    0.215	    0.111	   -2.896
    1.175	    0.164	    0.146	    0.049	   -2.893
    1.172	    0.002	    0.070	    0.008	   -2.889
    1.171	    0.140	   -0.068	   -0.026	   -2.885
    1.167	    0.157	    0.202	    0.174	   -2.882
    1.169	    0.158	    0.223	    0.217	   -2.878
    1.165	    0.162	    0.166	    0.070	   -2.875
    1.164	    0.143	    0.183	    0.225	   -2.872
    1.159	    0.149	   -0.041	    0.023	   -2.868
    1.161	    0.002	    0.219	    0.202	   -2.865
    1.161	    0.152	   -0.020	    0.104	   -2.861
    1.156	    0.164	    0.132	    0.080	   -2.857
    1.148	    0.001	    0.191	    0.114	   -2.854
    1.145	    0.146	   -0.029	   -0.016	   -2.850
    1.142	    0.002	    0.080	    0.030	   -2.847
    1.140	    0.157	   -0.066	    0.058	   -2.844
    1.131	    0.160	    0.009	   -0.018	   -2.840
    1.124	    0.149	   -0.095	    0.004	   -2.837
    1.120	    0.142	   -0.064	   -0.055	   -2.833
    1.113	    0.146	    0.077	    0.146	   -2.829
    1.104	    0.154	    0.016	    0.076	   -2.826
    1.091	    0.002	    0.113	    0.024	   -2.822
    1.086	    0.140	    0.135	    0.171	   -2.819
    1.084	    0.147	   -0.037	   -0.011	   -2.816
    1.083	    0.001	    0.177	    0.069	   -2.812
    1.080	    0.149	   -0.035	    0.024	   -2.808
    1.072	    0.001	    0.107	    0.008	   -2.805
    1.068	    0.150	    0.178	    0.179	   -2.801
    1.062	    0.142	    0.034	   -0.016	   -2.798
    1.059	    0.002	   -0.042	    0.022	   -2.794
    1.060	    0.142	    0.006	    0.113	   -2.791
    1.056	    0.155	    0.052	    0.143	   -2.788
    1.055	    0.146	    0.218	    0.211	   -2.784
    1.054	    0.001	    0.013	   -0.020	   -2.780
    1.044	    0.151	    0.255	    0.187	   -2.777
    0.997	    0.155	    0.054	    0.082	   -2.773
    0.929	    0.152	    0.234	    0.111	   -2.770
    0.902	    0.161	    0.196	    0.216	   -2.766
    0.887	    0.002	    0.028	    0.004	   -2.763
    0.890	    0.151	    0.247	    0.160	   -2.760
    0.903	    0.151	   -0.006	    0.071	   -2.756
    0.923	    0.001	   -0.058	    0.040	   -2.752
    0.937	    0.159	    0.163	    0.210	   -2.749
    0.951	    0.144	    0.078	    0.157	   -2.745
    0.961	    0.158	    0.273	    0.195	   -2.742
    0.965	    0.001	    0.042	    0.059	   -2.739
    0.968	    0.141	    0.270	    0.170	   -2.735
    0.969	    0.141	    0.166	    0.213	   -2.732
    0.962	    0.146	    0.223	    0.117	   -2.728
    0.948	    0.142	    0.288	    0.226	   -2.724
    0.931	    0.000	    0.038	    0.078	   -2.721
    0.923	    0.154	    0.176	    0.108	   -2.717
    0.926	    0.161	    0.114	    0.221	   -2.714
    0.941	    0.001	   -0.056	    0.078	   -2.711
    0.950	    0.140	    0.209	    0.233	   -2.707
    0.956	    0.001	    0.152	    0.238	   -2.704
    0.960	    0.160	    0.172	    0.112	   -2.700
    0.959	    0.002	    0.187	    0.246	   -2.696
    0.959	    0.141	    0.108	    0.065	   -2.693
    0.959	    0.150	    0.232	    0.237	   -2.689
    0.951	    0.154	    0.256	    0.202	   -2.686
    0.945	    0.151	    0.199	    0.128	   -2.683
    0.935	    0.001	    0.128	    0.237	   -2.679
    0.925	    0.147	   -0.018	    0.028	   -2.675
    0.909	    0.001	    0.183	    0.178	   -2.672
    0.901	    0.001	   -0.096	    0.032	   -2.668
    0.895	    0.143	    0.011	    0.020	   -2.665
    0.890	    0.002	    0.047	    0.182	   -2.661
    0.880	    0.144	   -0.029	   -0.035	   -2.658
    0.872	    0.001	    0.182	    0.168	   -2.655
    0.860	    0.139	    0.219	    0.184	   -2.651
    0.857	    0.141	    0.150	    0.068	   -2.647
    0.854	    0.141	    0.224	    0.156	   -2.644
    0.848	    0.143	   -0.060	   -0.001	   -2.640
    0.845	    0.000	    0.187	    0.206	   -2.637
    0.845	    0.139	   -0.048	   -0.012	   -2.633
    0.847	    0.001	    0.048	    0.027	   -2.630
    0.845	    0.159	   -0.126	    0.003	   -2.627
    0.845	    0.161	   -0.139	   -0.047	   -2.623
    0.846	    0.001	    0.148	    0.165	   -2.619
    0.848	    0.154	   -0.045	    0.067	   -2.616
    0.852	    0.001	    0.121	    0.051	   -2.612
    0.850	    0.001	    0.184	    0.185	   -2.609
    0.844	    0.148	   -0.023	   -0.036	   -2.606
    0.840	    0.159	    0.150	    0.126	   -2.602
    0.834	    0.141	   -0.087	    0.020	   -2.599
    0.827	    0.002	    0.132	    0.062	   -2.595
    0.824	    0.143	   -0.062	   -0.062	   -2.591
    0.822	    0.001	   -0.049	   -0.069	   -2.588
    0.822	    0.148	   -0.123	   -0.065	   -2.584
    0.821	    0.134	   -0.122	   -0.036	   -2.581
    0.822	    0.000	    0.034	   -0.052	   -2.578
    0.815	    0.152	    0.055	    0.097	   -2.574
    0.812	    0.001	    0.004	   -0.078	   -2.571
    0.812	    0.001	    0.207	    0.145	   -2.567
    0.813	    0.134	   -0.049	   -0.023	   -2.563
    0.811	    0.001	    0.114	    0.026	   -2.560
    0.811	    0.145	    0.062	    0.114	   -2.556
    0.809	    0.000	   -0.035	   -0.049	   -2.553
    0.812	    0.139	   -0.013	   -0.061	   -2.550
    0.809	    0.002	   -0.091	   -0.038	   -2.546
    0.804	    0.142	   -0.107	   -0.061	   -2.542
    0.800	    0.154	    0.022	    0.084	   -2.539
    0.797	    0.002	   -0.016	   -0.085	   -2.535
    0.797	    0.001	    0.132	    0.128	   -2.532
    0.795	    0.002	   -0.017	    0.026	   -2.528
    0.793	    0.000	    0.051	   -0.056	   -2.525
    0.786	    0.001	    0.152	    0.139	   -2.522
    0.782	   -0.723	    0.012	   -0.083	   -2.518
    0.763	    0.133	    0.140	    0.171	   -2.514
    0.738	    0.000	   -0.089	   -0.005	   -2.511
    0.713	    0.064	   -0.078	   -0.068	   -2.507
    0.706	    0.001	    0.077	    0.136	   -2.504
    0.699	   -0.854	   -0.142	   -0.058	   -2.500
    0.698	    0.066	    0.125	    0.102	   -2.497
    0.708	   -0.001	   -0.119	   -0.045	   -2.494
    0.723	    0.134	    0.023	    0.114	   -2.490
    0.733	    0.002	    0.021	    0.110	   -2.486
    0.754	    0.069	    0.168	    0.166	   -2.483
    0.764	    0.000	    0.217	    0.176	   -2.479
    0.767	   -0.284	   -0.085	   -0.010	   -2.476
    0.761	   -0.251	    0.086	    0.041	   -2.473
    0.761	    0.002	   -0.009	    0.110	   -2.469
    0.764	    0.001	   -0.078	   -0.062	   -2.466
    0.765	    0.002	    0.137	    0.125	   -2.462
    0.764	   -2.539	   -0.248	   -0.039	   -2.458
    0.768	   -1.324	   -0.218	   -0.043	   -2.455
    0.774	    0.002	   -0.355	   -0.018	   -2.451
    0.782	   -0.224	   -0.245	    0.025	   -2.448
    0.788	    0.000	   -0.097	    0.054	   -2.445
    0.789	   -2.288	   -0.133	    0.008	   -2.441
    0.789	    0.001	   -0.192	   -0.082	   -2.437
    0.784	    0.169	   -0.204	    0.013	   -2.434
    0.721	    0.002	   -0.169	   -0.109	   -2.430
    0.686	    0.000	   -0.103	    0.033	   -2.427
    0.561	    0.002	   -0.337	   -0.193	   -2.423
    0.480	    0.002	   -0.192	   -0.117	   -2.420
    0.379	    0.175	   -0.234	   -0.047	   -2.417
    0.288	    0.175	   -0.244	   -0.216	   -2.413
    0.209	    0.153	   -0.024	   -0.040	   -2.409
    0.134	    0.161	   -0.073	   -0.010	   -2.406
    0.106	    0.000	   -0.053	   -0.127	   -2.402
    0.071	    0.168	    0.010	    0.028	   -2.399
    0.049	    0.001	   -0.119	   -0.175	   -2.395
    0.033	    0.154	    0.046	    0.026	   -2.392
    0.020	    0.155	    0.021	   -0.095	   -2.389
    0.015	    0.001	    0.000	   -0.116	   -2.385
    0.007	    0.002	   -0.205	   -0.197	   -2.381
    0.006	    0.002	   -0.228	   -0.211	   -2.378
    0.004	    0.174	    0.020	    0.008	   -2.374
    0.003	    0.159	   -0.201	   -0.188	   -2.371
    0.001	    0.002	    0.036	   -0.087	   -2.367
    0.003	    0.158	    0.006	    0.000	   -2.364
    0.001	    0.000	   -0.090	   -0.184	   -2.361
    0.003	    0.153	    0.092	    0.033	   -2.357
    0.002	    0.000	   -0.109	   -0.081	   -2.353
   -0.001	    0.171	    0.096	   -0.042	   -2.350
    0.001	    0.170	    0.087	   -0.080	   -2.346
   -0.001	    0.001	   -0.089	   -0.174	   -2.343
   -0.001	    0.002	   -0.098	   -0.173	   -2.340
   -0.001	    0.001	   -0.187	   -0.154	   -2.336
   -0.001	    0.165	    0.086	   -0.049	   -2.333
    0.004	    0.002	   -0.112	   -0.094	   -2.329
    0.011	    0.002	   -0.060	   -0.166	   -2.325
    0.070	    0.171	    0.018	    0.019	   -2.322
    0.131	    0.000	   -0.129	   -0.138	   -2.318
    0.234	    0.121	    0.058	   -0.089	   -2.315
    0.340	    0.002	   -0.013	   -0.006	   -2.312
    0.443	   -1.100	   -0.061	   -0.137	   -2.308
    0.569	    0.133	   -0.001	   -0.092	   -2.304
    0.615	    0.002	   -0.182	   -0.154	   -2.301
    0.680	   -0.864	   -0.243	   -0.179	   -2.297
    0.724	    0.001	   -0.019	    0.034	   -2.294
    0.758	   -2.793	   -0.309	   -0.200	   -2.290
    0.788	    0.001	   -0.393	   -0.127	   -2.287
    0.796	   -1.512	   -0.462	   -0.209	   -2.284
    0.810	    0.002	   -0.376	   -0.097	   -2.280
    0.813	    0.002	   -0.338	   -0.116	   -2.276
    0.816	   -0.533	   -0.320	   -0.243	   -2.273
    0.817	    0.001	   -0.143	   -0.041	   -2.269
    0.820	    0.017	   -0.294	   -0.147	   -2.266
    0.824	   -2.903	   -0.265	   -0.175	   -2.262
    0.824	   -0.187	   -0.361	   -0.081	   -2.259
    0.825	    0.132	   -0.447	   -0.283	   -2.256
    0.824	   -0.000	   -0.208	   -0.060	   -2.252
    0.825	    0.135	   -0.399	   -0.245	   -2.248
    0.823	    0.000	   -0.355	   -0.168	   -2.245
    0.823	   -1.947	   -0.366	   -0.123	   -2.241
    0.821	    0.000	   -0.395	   -0.140	   -2.238
    0.818	    0.001	   -0.166	   -0.106	   -2.235
    0.816	    0.183	   -0.396	   -0.286	   -2.231
    0.810	    0.105	   -0.134	   -0.191	   -2.228
    0.808	    0.167	   -0.237	   -0.150	   -2.224
    0.807	    0.138	   -0.102	   -0.213	   -2.220
    0.810	    0.064	    0.008	   -0.081	   -2.217
    0.812	    0.183	   -0.255	   -0.262	   -2.213
    0.811	    0.001	   -0.026	   -0.161	   -2.210
    0.809	    0.184	   -0.154	   -0.121	   -2.207
    0.807	    0.186	   -0.192	   -0.147	   -2.203
    0.804	    0.172	    0.032	   -0.019	   -2.200
    0.804	    0.000	   -0.076	   -0.064	   -2.196
    0.801	    0.000	    0.059	   -0.104	   -2.192
    0.799	    0.183	   -0.078	   -0.078	   -2.189
    0.794	    0.001	    0.108	   -0.045	   -2.185
    0.793	    0.178	    0.103	    0.028	   -2.182
    0.796	    0.180	    0.088	   -0.102	   -2.179
    0.793	    0.195	    0.094	   -0.090	   -2.175
    0.790	    0.174	    0.122	    0.052	   -2.171
    0.788	    0.001	   -0.027	   -0.159	   -2.168
    0.788	    0.190	    0.094	    0.058	   -2.164
    0.786	    0.197	   -0.051	   -0.027	   -2.161
    0.782	    0.200	    0.152	    0.015	   -2.157
    0.777	    0.195	    0.099	    0.094	   -2.154
    0.774	    0.001	    0.000	   -0.108	   -2.151
    0.773	    0.190	    0.163	    0.083	   -2.147
    0.773	    0.000	    0.162	    0.013	   -2.143
    0.770	    0.188	    0.099	   -0.049	   -2.140
    0.770	    0.171	   -0.055	   -0.132	   -2.136
    0.767	    0.197	   -0.073	   -0.140	   -2.133
    0.765	    0.186	    0.117	    0.086	   -2.129
    0.759	    0.002	   -0.131	   -0.123	   -2.126
    0.757	    0.175	    0.104	   -0.017	   -2.123
    0.751	    0.194	   -0.020	    0.011	   -2.119
    0.748	    0.192	   -0.074	   -0.131	   -2.115
    0.745	    0.003	    0.028	   -0.082	   -2.112
    0.745	    0.002	   -0.153	   -0.137	   -2.108
    0.745	    0.174	    0.113	   -0.017	   -2.105
    0.751	    0.000	    0.182	    0.044	   -2.102
    0.751	    0.179	   -0.033	   -0.137	   -2.098
    0.750	    0.000	    0.119	   -0.029	   -2.095
    0.748	    0.186	   -0.030	    0.010	   -2.091
    0.747	    0.178	    0.175	    0.039	   -2.087
    0.744	    0.179	   -0.041	   -0.086	   -2.084
    0.745	    0.197	    0.024	   -0.084	   -2.080
    0.742	    0.173	   -0.068	   -0.005	   -2.077
    0.741	    0.182	   -0.107	   -0.072	   -2.074
    0.743	    0.172	    0.174	    0.062	   -2.070
    0.743	    0.000	    0.034	    0.071	   -2.067
    0.746	    0.180	    0.052	   -0.074	   -2.063
    0.747	    0.000	    0.210	    0.063	   -2.059
    0.746	    0.185	   -0.051	   -0.033	   -2.056
    0.750	    0.001	   -0.093	   -0.052	   -2.052
    0.752	    0.201	   -0.019	    0.068	   -2.049
    0.752	    0.186	    0.044	   -0.056	   -2.046
    0.758	    0.001	   -0.057	   -0.102	   -2.042
    0.757	    0.194	   -0.097	   -0.088	   -2.038
    0.759	    0.179	   -0.089	   -0.034	   -2.035
    0.761	    0.193	   -0.011	    0.049	   -2.031
    0.759	    0.001	   -0.029	   -0.094	   -2.028
    0.761	    0.000	    0.178	    0.136	   -2.024
    0.763	    0.175	   -0.038	   -0.076	   -2.021
    0.766	    0.181	    0.123	   -0.013	   -2.018
    0.767	    0.190	    0.026	    0.045	   -2.014
    0.768	    0.001	    0.048	   -0.074	   -2.010
    0.768	    0.203	    0.243	    0.151	   -2.007
    0.769	    0.188	    0.009	   -0.002	   -2.003
    0.771	    0.001	   -0.027	   -0.060	   -2.000
